7
63 25
20989 6832 28882 14508 12680 2087 26980 23635 11717 12323 9371 30056 21904 26075 26980 11644 29008 16621 24179 1979 20872 419 28029 1884 27561 
2677 26280 5436 14635 4815 30784 26821 3291 30484 20139 30741 21111 18914 28831 13148 27768 2712 11154 3974 9263 9493 9330 9243 24595 7875 
24727 24675 5210 5333 23286 7117 8646 28620 31127 1425 5826 28736 30537 14229 1709 30941 5524 28814 27510 14764 10991 14695 17769 8339 24883 
31206 27976 13088 14416 16525 19614 13698 8510 16830 28752 17112 17719 21027 10613 15023 19748 24653 12391 10181 15701 12699 32282 1043 14708 26206 
20397 32267 17596 2362 2111 8991 21094 11728 25860 4994 14948 25241 14232 9010 26194 31253 6803 3126 19114 28454 21597 5668 55 26806 23620 
22247 4556 8352 13771 28863 21045 12750 5701 29065 20078 4511 2211 14145 12307 14475 907 32197 9240 15881 9642 31196 6586 27568 3146 9590 
28085 2973 30759 8502 21944 30230 13438 20269 8214 8812 29800 2793 7102 16166 6758 8878 15469 5467 7741 30211 20258 15200 1284 23920 21203 
23204 8059 16263 18782 3287 670 30497 5314 5202 28282 28394 13455 29619 5952 5664 30619 10439 1176 4759 30199 3758 31543 21505 26401 11065 
9396 27756 10363 27543 27031 21004 2044 5169 12724 28219 10022 26578 32439 7614 2616 18955 5375 1610 10148 24790 9904 25926 3011 31097 13571 
15315 25800 13485 7137 31754 2803 15872 31665 7044 22791 4728 30062 12064 26877 6777 27900 29696 2298 6888 17852 27093 31871 16785 19806 25181 
24031 20678 18678 10794 13303 11849 22610 11940 4121 22893 9099 17745 18505 3191 1755 30804 8620 3402 12462 31796 32573 28996 26108 13023 26818 
22627 24789 24559 32255 25516 32062 29227 10793 27341 10299 1617 11165 13569 17709 1811 17362 14644 32094 3679 9100 10600 11739 27619 26451 19799 
26498 29905 14372 28761 13659 223 25702 26249 7468 14483 1311 27939 3655 6333 872 27185 12967 20293 4639 20327 22075 21798 28635 9291 22658 
27067 1317 31641 23640 21306 13029 22501 10768 2174 25882 17282 30658 10249 15822 8099 3046 24649 27722 28352 28194 11546 1158 7739 6753 3725 
27363 4932 27173 7399 10268 32506 10270 7661 14714 15826 507 32607 12616 17981 19584 23235 15239 27269 19929 26211 23267 29176 558 30617 29157 
19785 3703 31306 27753 27187 21906 433 7507 27231 25490 22110 9342 16776 9051 9598 28917 32477 4716 13660 13158 17831 26363 17192 21715 14635 
23623 28152 17803 24530 6442 21260 14425 16775 25837 16214 7675 17761 7777 6713 29909 4738 10539 28050 16615 30783 17760 12021 16381 8577 1362 
11833 11813 5994 21929 19766 11878 22332 19381 25805 11183 32631 11778 31529 17934 22594 27437 12101 8226 15116 29431 32174 8403 7539 9624 17035 
32064 17253 19798 7386 7929 23685 22101 5884 14959 4304 14513 14452 10665 16512 18634 25836 24376 31536 25055 11384 1388 29250 7903 28959 7624 
27262 5499 1432 13492 28923 18304 10577 32114 22339 15972 1462 27219 15026 1310 4271 5419 6943 29755 30826 3074 17599 1071 31836 22028 4421 
6633 22402 17628 17486 426 8173 26068 1789 3094 16253 10208 18146 396 27117 2404 31777 24499 13327 25202 6864 5461 12377 8001 13216 12401 
13473 32474 1984 12939 11557 10773 5118 32583 8398 14020 22320 6454 19126 27438 22482 8432 27879 21951 11504 19043 16486 3325 3655 15466 9840 
11198 12199 3746 32515 23960 27547 22905 18592 3994 332 3207 27984 6457 27043 32546 24805 29069 1966 28460 29826 17598 14405 25136 861 32185 
1261 7341 23748 6183 32252 9138 3934 20127 32766 31915 31156 31002 26712 8059 17391 12200 32043 20171 9955 1378 3195 19105 9293 28576 1681 
4404 5209 11628 6045 8703 11368 17206 1184 30484 25359 24265 20361 10419 21859 14205 26270 28443 4468 16046 25374 30368 27159 13422 6949 14846 
14313 29815 2767 22253 11152 3939 22688 4341 5444 1056 31012 30340 17807 11678 13778 23614 27472 14538 6966 8852 4870 14016 4688 31128 11083 
7996 10551 5903 12959 22354 20225 4808 29287 4192 1767 23853 27445 4928 22181 1048 22090 19394 29728 14824 24666 10329 30283 21203 399 8724 
3403 11390 5840 208 1498 13258 8258 12205 7145 31985 18703 13758 24713 8659 7271 9989 14091 23178 3013 8606 11622 1092 10868 11066 13274 
2642 16977 719 30675 25980 9682 14990 26128 9624 25415 11798 6148 14683 15712 10471 12413 26734 3312 20761 27523 13252 28656 10830 25987 4140 
27079 17637 23981 12066 22729 28016 30618 18923 25853 28776 16434 8929 19491 17952 31181 12555 12021 15096 29592 10736 17326 26579 28731 23981 4553 
3787 24504 6470 6923 12323 28822 826 5571 27516 15424 9818 7249 332 4776 7898 30181 2189 10543 7593 23689 11442 12489 13822 25698 2015 
5980 10548 26674 27993 30826 9431 7970 14396 240 9983 16319 29292 19086 31964 21570 26573 29159 3987 9236 31159 27723 29512 22161 18084 24724 
27772 13069 31276 1869 24474 8724 22836 22042 24268 21494 24162 31315 18963 12419 31444 26355 13719 29716 20241 31153 2620 7627 28735 31596 5237 
4891 3479 32716 30045 7306 2583 26663 10756 8117 24182 3489 7430 14997 22365 22168 30307 9218 980 15167 7562 30069 26619 32136 8631 16914 
18426 6216 31871 7910 7994 10646 25258 109 6102 23667 5952 4439 5708 5553 29926 26251 11641 26637 8555 13421 3780 5023 8095 26972 19097 
5236 13156 20863 29977 1145 19463 10178 783 21658 26832 14363 29478 8492 11223 30482 5978 9608 3866 12928 4781 4857 28621 16279 24347 20185 
25585 18978 28623 23542 3624 10510 17303 29499 25544 23594 31638 3980 6446 5931 19001 28913 10325 32243 20076 23287 9639 30227 12045 4691 22290 
12686 2720 24009 16735 22240 3909 3660 8127 27198 20200 21095 31143 23584 9144 22747 19166 24829 14554 1674 29141 30293 2910 17299 22582 14581 
30578 9151 2495 28791 9685 28188 11601 29704 28047 18407 5188 19566 32224 1711 21502 14153 25718 28088 7620 28568 17378 23198 18639 24448 20045 
9530 17059 8009 22631 14025 22940 26026 6305 7243 5578 19782 26268 6186 5119 4982 3809 30492 5925 13385 3794 11338 17365 1993 19681 30898 
14886 17536 8447 8650 451 2875 16727 31590 31809 24590 26429 18651 20911 13464 16481 14693 2926 26504 73 966 20803 23904 9726 25904 31914 
5754 18949 1893 30317 26184 2192 4637 4726 12255 23542 27560 24033 19383 31585 27860 4950 31404 4550 3089 10646 2633 24859 17363 12371 3654 
9668 14392 28485 21327 20046 24555 31610 28424 23391 13384 14062 4429 31725 11457 28251 31422 14767 2432 2386 15483 18897 12621 139 9516 21996 
9907 3706 32581 20789 22622 20002 1160 11765 20680 15406 10955 1849 2325 20030 11771 4810 25403 5247 31585 28511 3941 6526 25124 8978 24730 
29758 11535 24081 21657 16520 2453 21910 21256 29058 24594 19225 26574 12931 340 5060 31934 18982 19802 13351 22133 13213 14171 25645 22661 25160 
19211 3918 21715 25478 5913 9479 27197 21196 8444 19847 13952 21492 17903 22188 24409 2007 11578 27949 14059 12061 12212 30233 32609 28500 22662 
7296 4564 28224 25393 26479 27759 14194 23251 27682 27601 8220 16038 28790 13234 7460 20425 4509 2762 16247 27715 17173 11758 19104 6981 14811 
24189 6553 11951 6108 12282 17889 7638 27564 22778 17614 32132 22650 2881 28453 14657 31300 5928 9960 29137 23111 24130 3951 9470 1978 22846 
3002 664 10427 13583 30470 4793 6026 19275 19358 4429 24565 31185 11252 8914 12563 7599 496 18013 5941 13635 10376 10462 4634 28064 21393 
15780 23394 7986 10709 16420 28997 32166 17765 758 14725 32516 3633 12320 20641 15902 8917 24215 22860 23598 17334 8451 24605 9659 29774 29123 
10120 32444 18116 8241 28685 23040 1472 8999 4271 16333 12413 29890 29608 10184 32032 23397 19291 10772 21832 17409 5002 19390 230 4500 13001 
27225 29519 1520 20531 2789 28303 10174 12635 4086 28928 18882 13446 6930 8476 5985 15127 7514 11152 19040 6218 23404 18321 28142 22565 26761 
21875 21221 29356 23795 19320 6477 16213 19353 25830 29474 15547 15094 18268 1110 150 9527 4709 1050 25579 17308 3406 858 16256 10528 26421 
31878 19603 28764 15715 4248 32203 169 23516 5459 25711 11909 27699 22728 30166 15160 1699 15903 17695 30647 22876 6036 1314 3784 23067 25024 
26277 14951 13821 17434 9940 26728 29589 31421 25067 4703 31548 3436 32310 19645 31144 30675 17211 20795 20673 9999 28982 2172 2735 28785 27845 
22253 824 25983 21221 12529 15177 10556 2333 14907 2770 10922 7673 29818 9431 26764 3514 16700 8645 8816 16204 15116 1026 6893 19832 10718 
27335 20266 28763 5806 26418 18335 6935 16995 10135 26144 8648 1017 27928 21783 31674 20959 32629 31761 30169 31390 4901 7548 26984 20668 21925 
430 19190 19936 5136 21290 9614 28982 12272 4127 22063 23829 22099 13618 7035 30688 11554 1405 19891 5162 27311 5080 21219 25629 2957 29015 
9050 15388 6820 9492 29277 26791 16260 20782 20253 7039 1786 10513 20966 13323 6625 7416 10648 26363 22075 24241 7515 2347 32385 9120 22159 
458 29495 18439 1794 10171 10946 14213 16230 3643 23422 16092 2562 1221 3084 10999 7591 20018 32233 22827 15590 21285 9797 7357 5504 21414 
10514 7588 13342 23565 2651 5265 24642 290 2519 2093 29822 10114 23742 28577 1764 23109 14811 24156 30141 29917 27619 7440 11390 9281 24069 
21502 13559 844 22210 10868 26830 22111 21759 32660 22316 10830 17240 8278 12982 23162 30136 7889 23487 16954 9510 11958 23227 7552 24034 11037 
24311 23737 5041 10628 5512 28660 20597 15892 27778 19783 12544 21799 5738 13934 9258 17928 25069 438 8225 761 14801 27162 16897 2683 24877 
24 82
32201 16341 26933 13244 166 21273 13343 15391 18008 5807 6035 16994 28661 31213 3551 16040 8157 13627 20251 9404 26248 5065 17420 7006 27778 1405 8265 15835 32179 3376 26524 7137 23012 24345 25259 27536 28287 17289 18136 8660 23958 4569 5477 25843 30247 22433 30172 3426 415 43 4014 10461 2716 4136 10010 13238 247 18849 336 31854 24322 19504 21463 25986 13326 1391 17196 31111 14385 1457 13484 1401 19782 3312 30643 11601 4404 25607 2566 11989 25972 22049 
31598 18100 4045 24178 13478 27602 22626 24101 9591 21729 18671 28309 7714 31793 29008 9151 22526 5577 21827 21240 29026 11190 26478 12763 24773 21667 13732 24966 8996 14506 10852 14854 10661 22634 1954 27151 19065 19034 32458 16112 14598 25180 2563 10439 18758 30614 27313 20209 618 15485 28989 18629 17604 23858 29208 20098 1763 22546 3069 30341 28160 17545 9079 21184 17817 31782 14244 615 6747 23029 29752 3052 31813 1033 9412 4910 11275 29528 27961 16366 14264 11724 
27560 26754 19096 26262 10059 21709 13397 30918 28873 11630 27488 28696 6070 27448 3730 5137 6489 23266 10772 10571 11443 2304 17276 23822 20412 10802 28984 3871 14832 21404 304 28125 22538 6038 29351 6281 13584 23204 18274 15334 29839 29864 28685 23810 16936 29270 22490 18003 23115 2793 21355 19205 4163 7700 30450 21651 30067 20028 6039 28309 1503 2788 31770 17625 32238 8041 185 18356 15726 6639 12884 27290 23512 7835 9423 12525 20949 31491 2232 32019 23554 3554 
17449 21963 31472 22289 4848 5569 13424 17330 29166 14688 31245 2734 22973 16103 22745 11619 3222 19647 22125 28822 31601 4620 7979 25007 1645 5506 27078 15397 7283 26233 13317 17207 32278 25668 15555 25565 10174 4031 24379 13054 9990 6952 13186 7139 24418 11312 6229 21228 517 1105 2581 24705 15618 865 27408 22604 26033 14440 8450 4261 8788 29871 11228 28238 22266 5401 6595 6241 22948 30134 31836 10374 12711 17302 17223 11113 26193 8411 8169 1388 8399 20242 
22127 3993 9550 21444 8207 218 26465 19271 657 30572 15779 24026 16655 13969 30877 2802 18937 27781 24810 16078 18011 5300 24728 26193 11875 18986 23506 29969 1822 7755 31932 4524 11650 18372 30367 23643 21169 15809 1094 969 3452 4961 9640 7205 9510 10086 24775 27765 31083 31794 2519 9774 11201 19439 22179 15106 28126 11533 16685 17658 6522 23281 32148 13508 30038 30443 1851 14926 19325 21865 2344 7060 13514 11115 9642 28086 15786 12343 24895 25677 18467 1870 
13492 11007 20246 1694 2702 32081 28353 11513 11177 28861 22151 23750 24351 9477 2036 12023 16747 20166 1788 29243 5839 20560 24451 10868 7411 21685 9251 9323 8142 8480 18985 29122 21961 4200 1760 24875 18210 27877 4627 18136 17551 7299 29133 10547 12581 21268 13155 9678 9079 16107 13748 8861 8706 25510 26800 8035 32457 5963 9751 15210 5692 21911 1923 17271 30046 23954 23977 23549 11047 19815 11484 7057 18727 12403 21203 10654 22381 13212 14763 13658 16295 29668 
15407 22776 29579 6973 8024 15648 21109 16288 17680 4252 4689 14425 31803 10324 12219 23973 4600 23420 10597 26238 2084 28684 2745 22710 5409 11120 2496 16195 20693 23425 15427 6874 13045 27573 10288 16575 18051 23186 13118 7131 13973 9065 13780 1039 6233 28736 13608 8136 5718 10256 2212 979 24820 11569 28301 1395 2111 24594 21478 29361 8936 14893 21394 9460 26252 5434 12474 8657 5433 29347 20590 15908 25647 22329 30351 30560 16355 3877 18924 30499 4426 28193 
25515 29966 26707 24552 28139 27347 12214 23786 5543 20111 19948 5957 21469 18267 22398 29681 20976 4125 13955 9274 27980 31909 27492 29556 7752 21749 19171 7402 18000 31455 23900 15895 10563 3542 17226 14617 5658 254 17164 7010 715 22405 25578 23729 8044 31542 14931 2624 9372 24907 18792 12863 24863 29059 7615 9090 19144 25461 1376 21879 5788 1572 2324 3162 7220 9683 2784 3500 2147 1051 11724 30945 8985 5690 27368 6233 11399 32174 30609 16017 5508 28419 
24817 923 5936 31465 197 30411 28119 28041 12131 6324 15128 14361 22267 12626 21318 6318 19485 22153 31246 29778 3963 14030 21082 5975 23793 31781 1398 20459 11202 23371 25969 5868 1061 9012 3783 15101 19968 24760 19772 16857 31987 27273 18443 29671 15768 26984 14656 17935 2057 12440 13411 5581 15267 31379 16470 27523 10250 24061 18560 14100 10093 3798 10540 15022 11788 16371 23339 6119 29431 14511 705 13068 5656 29406 26047 24757 26483 21762 3308 4509 13229 23746 
5289 28849 14795 19863 28885 10087 11837 14281 10223 15441 28443 27546 18810 16370 19886 11456 9126 15312 4402 14873 31788 6090 5850 32155 20602 27052 13077 30858 24848 25345 14352 16365 3114 20777 17788 7490 15263 25515 17809 10097 27145 11468 15187 26623 806 4192 17940 24708 9086 5344 32314 1119 31558 19133 3906 31400 22661 15860 13061 15462 7285 9699 29242 25346 8236 18266 20029 15100 19579 15606 14351 28381 26903 6570 30877 24173 26358 6559 28229 30245 10748 21822 
17302 6887 5591 10891 855 32237 25128 20660 11723 27904 31203 18921 13108 29418 27128 10095 30614 23597 9011 21488 17341 29685 4960 22550 18305 3404 22964 19800 4425 11405 6760 29459 7886 25883 13735 6620 27426 16210 26026 22805 7664 15038 2082 17086 16389 16523 5846 2446 6415 6717 5005 19778 6821 16546 27438 310 31880 5892 5158 8498 28201 26274 27658 10374 363 11874 6269 32601 12969 6848 28501 21054 12795 14858 10745 2056 20917 16591 26637 18912 15921 29333 
17746 20884 25295 714 1735 29234 8249 509 8981 3798 14316 11086 10793 29632 4340 9763 20515 17833 14838 4125 8047 31575 19572 25419 5681 5488 5453 3229 13031 2188 9859 18075 13386 3469 13889 3158 4212 19507 28445 14495 26440 5099 5530 9592 29711 5864 9969 24520 16991 23413 21777 17235 10817 22410 996 4840 22418 27293 11220 24796 24746 10682 17806 23480 12348 12758 8965 21295 18045 29793 22970 2387 5513 12826 8764 9224 32002 6183 20714 21176 10490 13157 
19456 31816 22547 11773 8914 2379 19684 2872 10834 7798 28319 21908 17112 23380 23793 29463 11043 28987 31530 5091 1179 9855 13982 28427 27864 6629 3147 16805 20584 23131 4540 17440 23245 9958 1325 2520 10182 27355 10479 32488 6608 19026 28174 30783 31211 21208 12850 2551 17569 9316 5315 6114 18501 9869 10064 21605 30841 7673 32050 8585 6898 13849 24172 2127 12672 21267 8662 14916 17736 16384 29307 20822 30548 3416 1087 16870 31311 13226 31685 13086 22921 20113 
3471 12677 12610 995 6247 28624 15396 27435 16126 2556 23057 2394 17620 32409 29727 13497 12887 21097 25057 29986 1103 4649 13289 13424 27257 9903 1930 21300 22898 12085 18403 30122 29655 22005 24 7403 3755 21238 8931 24675 21753 4389 27468 23430 20154 10663 15028 9151 20216 10606 6168 23209 3380 21770 13460 12418 28166 24258 6438 27357 16131 17124 25013 17302 27107 15961 10578 13323 25316 4988 3005 137 22121 4397 24619 6149 23015 4128 4422 7181 9217 23163 
13942 9470 4082 12705 21087 5750 28716 26184 23211 6156 29758 14034 27913 1599 9723 26586 21877 28589 16857 19213 18875 29318 28311 10299 32310 3647 6179 15533 30686 15755 29114 17594 16258 27783 25425 17301 23121 7988 26164 32105 11167 23595 5357 22440 9190 12172 29287 5024 24843 23096 11347 5967 9187 320 23755 14456 16118 29085 3893 15862 25219 19489 3179 2897 27076 11693 12825 10895 3442 10149 22886 10316 8076 7329 4310 30221 13397 21861 11630 18130 23708 25108 
30490 6634 21823 7072 29773 26635 20466 22917 6375 9890 14653 12215 23643 5480 8132 18648 31505 2614 8395 12463 26377 12058 32249 8918 11202 26282 16476 12722 18778 19096 3246 22952 19190 30855 3287 21646 7268 8477 4786 16736 25343 3418 22548 29749 24019 3624 11 625 4354 2611 15715 24379 16487 7674 17007 7218 32120 551 24070 8795 19569 11291 27083 30558 9391 23758 28081 25331 20569 4566 7359 2199 28486 3269 3857 18819 8475 25784 23840 734 6836 22061 
67 31794 10950 17685 7285 6685 29122 9515 5976 10569 20732 15491 8314 21917 21772 29798 3799 8629 8052 11357 14240 29328 4996 17292 8763 905 19067 19521 15755 22153 4847 7629 31345 29818 32623 14483 28563 4607 18534 12382 27228 27746 1346 4344 4420 29390 214 28920 31569 4030 11517 9947 24797 9909 31105 21590 18843 6704 4667 15339 23509 28120 18555 5307 12535 22781 11178 20635 21329 23872 5421 2153 18713 13711 11149 673 20655 12631 8405 2091 12837 20468 
12348 31607 18943 12397 7940 26060 12599 10590 17570 28381 9861 7477 24095 29342 7389 24225 12478 10581 4920 14664 16351 5620 6551 29369 6691 11942 10053 22433 465 29608 9821 10561 29817 26714 22669 32543 21975 8854 31001 28924 16889 25664 16419 7431 19108 29470 11049 24144 9205 8938 11983 18303 1092 17830 13791 13766 15181 30256 4494 4116 17554 28950 16129 1676 22779 28587 9743 26165 17344 14683 13641 21747 32392 24379 32567 2486 22739 21988 15589 21745 11925 24962 
22942 3406 29219 2088 27640 13472 3411 32359 16401 26904 24031 16926 22295 30397 20747 22419 14 7446 25224 23747 28109 23849 663 26359 28234 25514 10098 24216 10008 25452 3559 19780 31534 29723 27974 21025 32234 18733 8829 12402 5974 21782 5762 11368 15785 11451 25585 10810 26641 16170 32759 17272 7855 13704 27246 18076 19427 3914 10569 21730 13003 20137 4915 4697 12038 18767 11635 7226 8638 29015 8467 14713 12261 10868 2881 31131 13758 32624 11509 13767 5024 19417 
15828 10271 14327 11767 26197 3409 2699 21760 9506 1128 7429 32655 9153 8425 17583 15955 15987 25371 379 20228 17244 2726 22087 9116 11493 30559 30303 27075 23391 3171 27715 9867 4585 18787 7595 14941 14995 3646 20681 24884 13763 15573 5838 776 14552 11547 16303 26766 14 10091 15145 10270 22433 22815 2819 24308 16438 30558 10899 2716 12918 1077 3971 5800 17916 27113 10197 29348 16241 24716 31013 17484 18933 20943 17710 2556 24513 12055 22416 16743 9739 28115 
24785 26252 16426 7692 673 24294 24059 20285 29026 9443 2435 14182 20199 18328 30678 20572 8828 4787 24887 24419 4647 29361 9344 6910 16686 26961 14789 25350 30681 9800 14388 16122 30841 6198 29503 5782 9641 2521 29438 22695 24020 8064 19406 1053 12280 18627 6463 18274 19881 31346 8237 10730 24152 17611 23596 29708 6101 6640 31786 18704 16403 22680 4687 10121 31788 28420 31528 17381 4260 10805 16389 28994 30450 1372 30879 3203 27708 3474 28670 7587 23907 11721 
4250 9034 21567 30466 23489 15518 18988 14529 28728 9564 965 32190 25637 14375 23023 16606 30252 27424 5146 28257 23001 31414 14275 1373 9022 14016 28989 28011 5597 9673 31154 21664 23240 29354 7781 10687 25094 22623 19769 1708 29497 19 19063 7972 12670 1405 29644 1964 5781 5487 13457 26823 10562 23212 3919 29292 29426 11515 24707 9143 30882 13945 16030 15071 15101 819 6992 24936 452 12020 2566 26778 30323 9564 20402 10801 21026 10290 8138 24918 8873 4091 
10899 4046 27399 31436 24735 17266 8965 23900 3988 20447 23062 10845 15408 20590 386 1037 23946 1639 8643 11272 23963 26481 32559 9568 764 28749 29144 15599 10225 4036 29873 27628 25255 15838 12274 18621 698 4949 701 31244 2042 30025 20481 24605 30319 10549 4767 26719 11163 25890 31947 16193 6398 12315 9909 21574 2016 9952 4201 25692 19018 30943 31476 32362 32086 12639 23753 13864 16552 8447 30051 31027 1853 31583 17451 14945 25956 32029 26267 26449 9 11779 
8612 23623 313 4990 6733 18999 13795 26450 414 17184 14556 9869 14268 24732 20262 3257 10837 14516 22898 20310 29246 5368 32483 11656 29787 8144 29973 10252 2496 31757 2398 30064 29461 31427 20308 1668 6975 25435 6287 12044 27965 484 6576 18103 16719 28586 24737 22101 9566 18954 31 9540 1176 19332 5238 15147 29275 31506 1420 10731 7252 26040 10785 13267 10216 5725 12373 8724 32466 16345 28523 24436 20238 19791 1740 11078 16886 19645 28239 30873 11948 26577 
80 89
19383 24319 8574 14258 9201 15056 27345 9891 21152 10109 30939 17811 19171 11964 17734 8981 11856 17370 11775 15859 30427 22026 3642 18976 30713 23805 26807 16878 31494 5042 1859 6017 31460 21904 13185 6788 17126 20914 27882 26138 29932 2178 16403 27416 15055 18313 9006 27249 9983 6021 31700 29682 2154 20668 12802 15663 13728 18833 29793 25789 4917 21333 4554 30113 22887 31071 3081 16137 23809 13919 18401 21562 24448 5103 32337 18634 10867 26731 21270 32015 31272 9987 13425 3799 31620 30222 26666 16985 24883 
32673 27093 30572 21506 12385 32340 32503 17032 22677 8349 25769 21516 25472 11198 234 675 6381 26142 26385 8345 7435 20997 983 19730 8827 26462 11 7153 680 6844 15240 29945 12375 21916 29797 28210 14463 17386 28267 9615 17754 6854 11980 24013 22460 15495 8209 25246 10916 24064 12885 30727 29968 4355 19377 22791 32278 22564 7415 2425 14129 10175 11939 32571 20697 30781 14862 26256 32086 19858 8933 1475 21973 22538 9434 1038 5564 4678 2457 6073 8251 129 31486 24454 1059 29977 17797 27469 29180 
32330 7938 14308 22610 24892 17810 8769 6735 17984 2769 5603 5263 31318 8013 31342 25647 27124 12859 9365 9255 14594 14697 20028 5338 7209 30068 23006 25068 22349 1595 25901 31316 1368 9107 28409 11954 3386 20029 5203 2530 26670 3349 10482 6097 7486 2699 11990 3727 5641 9815 28970 3494 12484 20329 18031 26539 13183 14879 15831 10770 1193 18107 15343 22342 19671 11284 19073 1786 26049 14988 8121 24761 14989 19265 8326 9413 32081 12168 25155 14110 21971 13463 28567 24801 28051 3969 21658 15315 32011 
17768 13881 31806 15925 25581 30939 3324 26702 7660 14917 12753 6362 8295 8890 9214 19944 13247 20839 23826 21911 32042 26623 1028 22233 29793 31139 12415 22391 24985 24836 30845 25429 30645 16843 31767 14584 24250 14649 25499 8005 17027 522 992 18571 14774 4000 7382 26308 6390 25693 26209 21784 1626 10065 24424 31395 24862 15637 4905 19064 20889 26614 18639 1254 5487 13142 20806 7674 23560 11856 26446 27972 18241 14747 21966 2782 25697 27825 22635 32171 12622 22064 27226 7901 513 7040 30578 22202 23095 
15286 9094 5791 3945 31160 7153 13381 18175 12706 10098 2627 9409 7529 26683 468 15758 19647 1092 27099 8784 21558 10213 16164 5935 30631 5796 18925 19205 21461 15948 13477 8978 19278 63 32755 28402 14994 9484 30714 6347 14199 11844 3804 9675 24524 31370 16508 6866 31549 28650 25481 6507 29814 8300 3000 18689 28044 7400 24912 24656 29592 27163 4588 25369 5541 19451 15996 26650 25292 23368 2702 31549 5021 6500 12492 28688 25281 30308 16581 14453 22750 32103 27120 5019 4027 6950 30701 10540 12453 
13005 25615 25800 12817 29962 8216 9651 6274 11619 32323 5834 16045 31180 23176 17084 26843 8313 26907 14454 10128 30705 20022 21471 19818 5476 25368 32454 31819 13630 19534 32280 3515 4604 17713 8023 23175 7486 17584 23111 9646 20254 24399 15083 11902 32705 2672 10159 11771 32555 9425 22503 17280 24408 26711 3704 5289 9352 10506 27861 9327 20442 1376 29230 9621 30748 27582 31460 19524 25826 6460 21567 25330 24533 30121 14435 9864 12366 28879 18048 11715 29988 17655 19274 24538 20674 17072 28073 15970 7036 
2509 5041 1647 4131 21421 5076 27901 9942 12991 1622 31374 4636 27460 19202 18964 4656 18775 5916 12048 4764 6187 8086 1788 17929 7829 13190 14823 13398 17610 23256 11871 28391 18281 19776 13459 24384 7100 21875 11449 25554 26939 29847 27822 12052 15441 23032 10460 7382 22115 764 25697 29139 16143 5977 11374 14725 31409 21893 8940 13885 2604 9071 7270 6002 6119 5996 21795 27225 30229 3444 402 30903 21050 7310 15852 2548 16874 137 8468 14960 3284 19437 30402 23834 22528 30257 25824 6974 5717 
6702 52 18078 25182 30932 5184 4549 9550 5148 8806 8856 12097 30269 23632 13102 9412 31011 7567 13537 26008 8733 10370 10661 20659 26070 10874 10137 2440 26758 19227 15068 8840 3689 19206 6562 20713 28785 30133 24199 3494 2360 27301 15651 18375 11832 443 25822 3042 10558 20193 1541 17634 1564 2288 11550 31239 26782 22482 26745 11822 32448 19944 27656 17491 25374 4265 10096 3412 940 29836 608 25335 24743 4136 13090 29743 14284 2714 25456 9883 28615 10536 6024 12624 22510 24612 2947 21720 4143 
27410 31458 21626 11591 12301 1642 5308 27957 29286 11314 807 4079 6287 1530 11082 10323 2359 16830 7426 31072 25527 2187 2040 13222 6061 18322 12394 9979 8166 3963 8495 15472 25730 32251 16117 19588 2130 26025 8398 9623 9605 10253 20971 22177 15748 30202 24742 4643 24602 27166 24262 15710 19928 12760 14079 32708 6584 14409 31673 26284 3584 1966 4883 29001 22633 21741 25638 6365 16769 26989 27022 10538 29518 24363 19751 32041 4916 25355 28948 29695 13080 29036 2566 12845 24006 16638 11962 775 17040 
20440 196 28263 17464 18117 21132 22178 28433 9951 28310 12987 6752 30048 25606 14551 14600 22964 31843 3313 7527 25043 16027 18383 13435 24781 9031 27189 31817 7078 24113 4184 14719 14437 24851 31125 12376 9064 31650 14435 25792 24314 15563 7815 9657 28968 31037 14727 26621 25552 6951 29536 13284 2810 8003 11131 10889 1387 25363 23518 26152 11128 10347 7840 14795 24601 29231 10143 5158 30782 7774 1653 2495 11366 24911 17575 19026 18541 1595 13344 1395 3493 6396 478 629 31529 23828 24812 28555 28782 
13809 24976 11309 24091 25712 18629 4797 31003 15775 31723 1387 9200 16071 21694 16982 586 8874 29061 17139 27352 23561 21899 10931 11102 6505 28115 2272 21256 13847 19976 29128 30462 15466 14771 13086 9528 23880 19889 10141 31124 235 24035 28142 2341 21733 23335 1740 6094 31586 21895 7782 19472 16302 28337 1285 21793 29687 20647 6894 14142 23635 31928 13194 12865 19205 1711 13252 30326 20988 4170 28595 7083 11676 6382 2937 3718 19649 30104 25451 26652 6657 1303 16242 25534 27186 29817 21936 26390 13356 
10179 24679 20596 30160 6885 19223 32610 27210 20204 15079 19326 30098 6010 30278 23945 26937 23667 28626 7867 1634 9210 30841 12889 24847 30876 23774 11658 2206 32714 29182 359 6547 21645 21779 19281 7319 31349 25273 32647 22209 31955 10575 8695 28437 3623 23200 341 3402 15324 194 10347 21969 2611 31295 31152 26386 3198 371 10523 15353 19854 17205 2105 6065 7278 18618 22654 24239 4434 14517 6105 243 24266 13251 31626 22922 17211 20487 3384 10072 11920 30737 7742 788 28717 12549 1351 30356 292 
3065 23066 6475 16044 18078 9143 22032 10447 24355 11426 15904 31074 8022 29055 3431 10042 25357 24031 17403 10653 7620 19290 30954 4087 25479 30430 18997 16846 30995 24646 3612 31480 12088 18478 10652 22540 3457 16390 12343 1814 4119 102 12531 28815 31971 31137 21669 27788 5107 21149 12655 22581 7967 18914 30600 8057 9452 11504 23355 3840 17072 22998 24627 609 29175 32512 27125 17046 15654 3409 13742 10413 10078 4210 8495 22719 19363 24937 25398 10534 30526 26477 6383 2539 17247 23288 19642 126 29191 
16159 23087 2986 4645 1311 21343 967 12032 3640 19293 19250 3796 32702 10750 25338 17600 7533 27868 14300 6623 7677 31137 15218 4534 11766 25986 7591 3534 5318 22025 14958 21665 12304 24344 4020 32699 14664 555 20370 5401 2429 13021 25288 20437 20341 1198 28519 23557 27647 26115 14285 2528 26757 3182 26070 15394 15329 30256 5713 5554 20849 9468 14513 10882 1646 30206 5893 14263 4473 15132 6699 9995 2167 31100 7744 24943 30879 28998 27482 13556 17617 21163 9850 20971 15914 17446 20156 9035 10965 
7681 6865 1620 12068 32540 19119 9586 19679 7914 16775 31332 27868 188 31736 15261 9935 27714 13954 14571 15204 20302 22589 27478 29835 27868 30155 15435 24595 32080 139 18426 6267 9214 30223 7932 4101 24047 9169 19257 4619 19938 21281 7177 28310 2450 29026 32153 1069 19511 2166 24465 7147 12879 7031 28403 19413 25246 15272 10054 21354 18548 27051 32501 9851 17198 5876 13042 6716 28415 23421 30110 26780 27377 13243 1261 32210 16422 23250 27589 17464 20068 5381 29352 25181 25041 32368 915 8021 22010 
12793 1318 24916 27162 23684 28932 31356 10906 4198 10621 14322 5076 27932 21099 26423 21020 28478 12633 17846 17153 31918 22763 3737 7120 277 9082 6881 22874 11920 16638 18358 23799 13990 23601 5883 23243 3966 6897 15910 32072 6478 32230 5967 25076 14359 25446 10374 21357 13712 12693 13674 25770 32607 27601 3832 20867 5519 14157 5536 18548 15679 4859 8606 414 19351 18096 17799 18190 7425 19843 7970 21058 3221 16246 10874 8937 32724 32344 19249 13035 23194 10729 23 11177 28494 8000 29947 134 16220 
1898 26306 4774 8165 14676 3510 16886 5813 29418 544 3948 885 11649 20248 13456 26913 4466 10140 21563 27581 19720 29152 10398 22084 21149 7397 21127 15586 16895 29773 11744 3938 281 26222 20344 12266 18383 28837 4103 25062 9001 9708 18540 9538 13236 943 9016 20956 11045 2268 10096 1849 19776 17210 24719 17527 30712 18171 18379 15490 30424 17556 21145 14987 9633 12492 19059 10934 9781 13075 20953 6931 11699 19990 14998 18640 11492 30352 4420 3501 22486 3171 530 16815 20678 27111 31429 25881 31299 
32130 11773 9880 13457 8569 23482 6590 2636 9733 798 12721 4173 16810 24949 21541 31954 23492 25202 6279 14808 25955 26043 1915 30412 13400 32169 28297 32099 5264 2888 7187 19911 929 23462 6027 17907 19107 10826 10723 22624 27201 11522 19012 5601 3343 3298 17154 3787 29727 28809 8912 20314 4559 31654 20016 31568 18148 26555 17710 19679 30173 6689 29006 31433 24705 23373 4035 18886 955 4945 3041 19750 26023 12197 24021 6839 2541 5672 16788 30185 78 18786 23057 13872 16764 8716 5299 27818 20015 
16850 24838 3330 17525 9047 4273 7572 24393 27514 29608 13010 5224 24536 1186 14822 17504 9873 14798 22169 12522 13136 19905 22643 11641 1413 5299 2851 15891 7157 12780 26146 6240 16757 16761 24468 15105 5874 18979 26223 3874 32437 2978 18398 18515 19685 32013 1000 30355 24910 3989 21837 32430 3680 2419 28848 27850 29051 3359 16123 21820 8298 8387 5888 14240 20525 18927 14940 6184 22779 4494 6561 17204 15239 1049 9140 28451 2947 522 9331 12393 25442 29844 30363 29666 17763 14993 3305 29543 3531 
25020 5760 22686 23153 32 17035 534 2944 16848 26403 7827 16761 32473 3955 4774 31863 28021 13594 23681 16567 17537 10448 27146 25687 25137 28237 5422 27230 19203 3943 14968 3837 5361 10874 7650 26901 4843 16396 4587 17656 21636 945 5353 7284 19948 13357 22689 20494 15390 16089 26645 1419 6490 12872 24477 20405 13782 17449 27449 859 18609 28271 32550 23962 3368 26544 32431 24411 16396 31435 17734 541 4467 462 17875 10741 24239 2071 13388 30930 18556 22457 28038 26374 31101 30241 4427 17666 12522 
21497 684 2657 25987 13388 17048 5673 5320 3819 22702 17485 4715 29200 15952 31862 27654 10050 32761 7682 13578 8056 2256 27981 20215 27265 19581 26160 467 15779 17211 6088 30933 19843 27694 28025 30561 32580 18936 2354 23097 13555 3463 4850 14577 14627 25392 8587 15267 3540 5634 8358 30949 8858 32084 22535 28664 13819 26785 30738 29506 26136 32150 20366 5886 13456 15464 3754 30771 417 7787 15165 28642 17040 737 14930 1668 30539 24079 4836 15284 9038 24215 19942 30248 19907 32001 6023 12261 19693 
10651 1459 12979 24774 3203 10205 30927 24807 3074 17404 1505 425 3355 25811 19501 29834 8804 7542 29197 26578 7445 9738 2975 10614 13407 13772 7355 28988 14079 15957 30504 5664 31506 27676 18703 13046 43 4156 28591 32338 30627 22391 25171 22949 10032 29307 18817 23464 22969 4965 5749 23038 21097 25732 11982 13845 30211 23647 134 29005 7797 4857 4647 19548 19631 31827 25404 30193 11445 11315 12550 3223 8179 1828 29553 30684 16850 1214 9798 23731 6792 26407 12962 12568 29748 3034 3239 13042 1578 
14759 22897 17981 27275 4091 12620 32360 4634 31586 21028 22268 10826 21322 22077 24447 10652 1290 17188 24216 30247 28707 1253 12404 23160 22469 10622 25703 15517 3477 28820 24023 19325 14765 869 31830 5739 25572 26878 3854 17146 8784 2733 5986 21778 4362 23738 7890 15683 30513 32594 9247 8538 15666 27588 25520 4914 6214 496 32565 10701 3900 2555 18570 12451 15480 32328 13278 24890 28988 12708 13588 23287 7718 9665 3177 19764 9466 9702 18008 1939 30626 31204 29371 25745 10355 17740 22322 16990 20402 
26335 8392 32236 27223 27718 22740 9285 5648 28164 8478 20003 20105 26536 31555 22970 4075 24647 8027 30425 675 30505 9688 14641 5220 10435 2225 9460 8815 24549 16321 27043 6418 10037 31850 16161 11374 3804 18557 6411 3710 6783 3166 9292 18005 19313 16483 17131 3239 6951 19838 31272 20875 31212 24860 1736 20351 9685 14412 2989 20397 28152 9764 3753 877 13785 22880 14228 5898 19749 9549 1436 25033 28579 20966 28381 22311 359 14140 7730 7523 23369 10267 17226 27964 15253 28650 10494 7932 12036 
26579 1505 2229 1515 26404 15129 4555 10675 4853 30062 8114 26249 20748 25761 16377 32086 25085 31999 13192 4594 26261 30517 16166 18837 21625 614 25918 11662 7691 23675 27874 9783 4493 17595 23056 8744 13193 31899 15156 15787 6256 19159 28655 32368 385 13505 19735 30594 16620 25049 16895 27002 10552 23967 25336 13043 3042 11173 32023 9533 2887 25064 5945 4438 17347 15712 1093 8469 4123 25814 27313 20649 27928 19958 25928 7234 16501 30885 8490 13838 1788 29845 7444 22631 11755 25878 28129 2123 7068 
30511 11345 23564 11109 32237 28682 6728 8382 10491 31708 17692 21921 2419 32585 26005 10295 22772 4421 11111 27568 14069 18490 13538 24690 20568 4943 4897 30583 9538 14570 24197 25840 24875 7795 28514 17967 31025 15708 3831 24259 1202 26974 13476 12517 1049 19461 9047 29971 2552 14702 31560 13562 31320 16976 5094 3481 21581 10041 12816 23716 14797 4378 28297 23846 10689 13062 24742 30571 8285 14647 24906 18461 4525 10578 31252 8877 29297 6123 21719 4852 17195 22348 16203 8731 20854 882 5890 25272 9113 
3929 12701 2105 16988 14202 5439 3462 21787 32145 5442 12002 17432 4515 10025 15122 21781 19520 982 32706 30243 7686 26878 21796 10933 6246 3801 3290 20216 29611 9758 18454 9575 13879 29230 30976 25242 24848 21391 4952 11102 17820 22173 12380 14603 26793 6780 10732 6162 5808 9297 28908 13526 3419 29362 8938 10941 24132 25947 8960 2438 28416 19746 14844 1245 14940 14381 447 16940 14054 20066 8163 14517 1712 21023 5025 22494 21584 6443 6897 26571 299 4589 29426 22578 2292 10460 30605 29035 15983 
8759 26197 7111 17787 15350 18610 12579 28239 11264 18751 3261 22020 20126 30832 19782 28756 6448 17528 32056 24225 9503 10346 5481 14392 26386 22174 3553 10200 26213 25174 28904 622 2263 11425 9316 15139 18050 6272 23906 22680 23057 19016 29171 20336 16685 30279 32057 26128 8504 682 2497 1442 25662 158 13843 7264 8744 16566 1928 29967 10803 1677 24412 10185 16545 8108 17924 2048 25775 25006 194 13248 12998 21410 9590 10292 14069 1712 8375 32620 17311 25088 25122 15197 8305 26071 8946 16938 9623 
10755 31442 28578 5936 7034 14063 24585 21759 15678 10064 22555 12899 28803 22122 28238 2697 2068 24303 22872 25824 10995 21480 2033 15821 19007 28419 26074 18337 11867 31022 29214 14280 24397 8548 2712 29762 27748 13767 4277 13656 22302 29424 19323 28551 9544 23939 10954 6593 24167 23046 20450 9173 30807 30451 32550 12587 30514 7435 24352 27572 17524 6638 10436 801 348 14569 11513 11347 22677 24079 21333 13587 4885 22411 30248 4 29766 22836 16317 31957 8547 22114 27868 28859 6181 11776 6291 8991 30880 
23779 30007 17044 9831 10842 5797 5643 1271 775 12749 20042 21331 30189 30066 2970 27371 1993 24619 27584 26050 20646 14254 13359 28624 6060 1357 27772 18342 24889 15297 32018 12880 9011 27175 9767 26239 5020 8264 25327 13032 17766 26653 3343 25575 1929 30867 21588 11368 14932 1419 24229 5639 3840 20773 9270 15478 25995 25150 23551 22559 15556 1079 3181 23563 26786 29688 5207 11011 729 24117 16435 10229 18863 4848 16266 9625 24844 4672 3753 31059 10705 22096 10394 13660 9067 32426 5458 19997 2984 
16566 10284 11995 12489 16765 662 409 10712 15539 12042 11834 26940 7413 26689 21735 23946 26959 24739 18352 5278 11265 7681 18294 5355 13955 15750 2056 24847 26310 13291 16268 22954 20925 24043 17697 29041 30492 29943 706 26494 25184 15402 15981 31722 23823 31103 32389 21150 5697 3906 3446 30822 25439 18884 24727 15944 32299 13651 26196 24339 25600 4201 32652 9018 14939 11812 10296 30435 23707 23798 4942 9788 30469 9630 15845 13326 21259 30295 15769 32404 14542 3663 20017 9869 2529 15706 25215 27792 31056 
19432 15496 30880 1249 7989 20709 16384 5017 28095 31081 32072 23938 6141 15108 28345 172 31054 8935 20174 26482 17712 32489 15123 25598 17586 29994 32058 9488 2092 16118 27244 26618 24877 2796 19677 3056 14517 19039 2979 27262 5540 28156 1224 6490 26483 21933 19870 31068 26914 30654 19794 14027 12401 831 26052 7898 15699 425 7830 28274 7584 15300 1668 32306 30986 26055 16115 28597 6482 22209 26060 16403 17084 20281 20874 25514 28864 4881 21394 20254 19202 23217 29891 4510 26244 24417 24655 25705 10010 
1781 28873 21393 21791 29360 4991 25599 15207 30051 30217 23224 24948 13525 12834 2399 13805 31335 27575 17402 15691 30456 5438 25593 6358 32263 20041 31860 31184 31767 4187 9140 21744 11352 7674 30197 27154 20867 26629 13674 29740 30214 23880 11138 5508 30561 22606 12138 21536 24784 8054 30163 14974 22826 11081 3573 28806 10249 9995 12243 24765 5675 24464 16321 15803 11544 5202 11044 31711 6661 24256 634 4929 14329 9176 29850 7656 1326 17399 3900 9790 1978 31984 26811 14784 25966 12892 5914 5114 13055 
4146 6214 30131 15971 15256 3994 31845 22654 1528 31912 3568 25086 22101 20279 11406 8068 15584 31880 18186 6404 25798 31198 22829 2158 22605 16444 28794 7054 19231 15729 26907 3377 24293 22098 30490 22921 5656 24135 20436 4562 26900 10249 1963 4918 12655 5033 30716 9454 24456 15829 16721 16811 11875 13399 15831 4148 18868 21470 30738 20304 6713 13057 31183 14566 11341 16001 1882 8291 25787 27342 6898 20572 30672 7885 13434 27509 22196 15321 20849 21633 1786 26376 8484 25066 6261 30639 18722 24659 11597 
12072 19953 10365 18515 7634 29695 19559 21906 22874 11483 8122 8486 26681 25765 8035 12370 1662 17348 31874 12492 10190 14550 20099 29275 23209 24301 12426 7844 28910 5112 19989 9025 4514 21375 8925 532 6125 10644 29181 31707 25445 20998 14421 18692 32144 22487 7729 21698 14499 18672 11302 11872 11152 21012 18237 9430 12096 22291 14420 16538 16669 23360 17088 4024 28372 20004 3639 30757 12121 4212 26606 1104 19755 17729 7934 24059 17881 17263 12 27465 17093 15208 13353 16920 3880 25873 1783 26000 12118 
18942 22541 508 32068 32738 15261 6873 28231 26441 3668 24365 26142 17033 130 6171 15155 14581 23675 26035 20510 6741 3133 15887 26219 30355 8787 25243 3741 23991 27129 16308 22898 23573 17024 27253 11881 1733 18932 12493 27522 11348 6909 28629 12869 32185 8707 9313 1541 17291 19861 27094 8038 29553 7692 23355 6429 14809 22635 2706 23031 19437 24714 616 24605 5570 32372 1451 20886 6355 4877 444 30221 3759 32760 26309 32213 9198 18103 23117 14890 24425 8980 30729 10938 2475 9408 5365 1124 10402 
3131 14500 5439 25498 28403 16596 10718 25453 26288 25414 22482 755 20527 461 20849 25536 23821 1188 9942 15119 31976 12036 6185 27385 25024 8694 23841 15339 9123 359 1478 19030 18313 28538 22652 31912 11645 21026 20797 5500 10749 5871 9766 13837 20132 26920 30005 25841 9734 3611 32593 27908 26332 23473 5258 10402 25185 32069 5539 3353 12795 31414 11981 2653 26654 13755 12214 4862 18541 20855 9410 24664 19235 14414 5528 18186 28594 13302 3297 12201 8874 19409 19788 1973 15067 23930 22486 16075 20926 
9118 10056 9245 31505 7949 17665 14368 8130 5648 6901 18052 14 7678 9974 23657 8426 25354 29491 28368 10402 8799 30718 17743 28352 2671 19154 32010 17199 30087 16020 14302 12448 12967 22809 19423 15917 20626 16873 1797 29756 7969 3650 23330 10407 23260 3680 1559 22042 14027 32764 2632 700 14474 18963 2893 31249 6812 9704 25323 24095 10497 22860 578 21455 19467 26141 29511 20119 13677 21261 3701 16214 25493 29092 14528 10879 28476 17801 15819 27002 22331 28925 6746 6983 16032 19112 19210 2149 20737 
152 29504 32242 16656 27783 28767 25619 5488 32092 11582 5014 14279 23029 18905 11990 31253 8484 27462 479 1604 27383 18411 11731 27648 28477 17391 9101 16584 30021 12782 12675 1605 28905 3057 10481 19163 28875 14493 24116 14463 16863 12458 2163 1480 27690 6295 17541 32072 27849 8860 16143 3868 20788 19681 18925 8386 6084 20461 24788 3883 31091 20833 24885 5905 228 12006 31076 6027 4771 30052 4857 25311 19117 22645 15479 4503 21299 15897 22059 3031 6299 12971 1623 15597 32456 22803 14480 9514 31643 
11070 11365 15856 15033 7883 22337 25613 11919 519 7571 15431 12948 9500 10027 17976 8910 9093 21223 4445 3224 25029 3472 18537 23714 4953 4095 1759 11833 23787 18564 11487 8137 26312 29576 9536 20640 29588 10096 20960 27636 20285 22469 4664 25896 10797 5010 6196 18763 13508 782 32577 18914 3845 26747 22951 25831 24719 10318 10265 19985 11471 7312 28554 32086 14197 14212 24899 1711 3364 14730 18739 7963 1134 32323 13958 29414 19199 9462 4729 12587 21272 6195 6508 28824 13632 14518 27192 20849 23094 
12173 8132 215 297 11134 10451 331 30251 3491 21024 23662 3300 18775 13997 8714 13187 31574 2648 22614 12794 31775 29359 16758 26987 29085 25093 6722 10205 9223 10438 13896 25652 6661 12551 7444 30304 16404 6241 3247 8148 7979 7168 1381 30778 26271 2807 17099 4709 19780 13014 17921 28039 3541 31359 21813 1700 661 7989 5224 7750 9271 18422 7029 1651 28667 25355 11599 3292 31003 477 29834 21847 10597 9994 26909 14479 29993 15032 17254 31482 1621 6442 8302 28684 8927 28561 15215 23979 21091 
23332 24723 13282 1806 32370 31999 27865 19898 247 28688 10501 18778 11502 484 23452 32153 8039 8989 6988 11454 16025 23009 27436 19667 27257 37 4083 22534 7052 14124 17768 31823 25593 13386 26649 28243 1762 19182 26448 25481 6644 22496 4931 30619 25917 29126 7051 271 30014 749 20951 6438 4930 12358 1250 23300 6126 12719 1954 7698 19480 32628 14531 12193 19421 30998 7763 20432 8173 26955 27071 30127 298 2885 30718 7844 31346 30007 8716 11534 23736 3094 29082 6697 14682 25757 3588 32562 22190 
13715 30083 14795 21214 16208 22180 12192 26871 19582 7672 30027 3132 12317 3085 23669 19904 25801 26526 11582 16436 12608 8199 3807 19965 30239 29691 25486 13706 2284 28793 7075 8164 16473 23548 17400 1414 5575 25075 21397 21872 10 4720 31885 4727 27500 2596 1059 23263 29428 22155 26161 3627 16104 27236 18379 1332 11408 13924 32031 4217 9021 14891 9887 12470 14986 8567 10595 15800 5602 16792 1736 28527 6466 2852 22366 32069 23360 17387 27905 18350 30797 7469 24645 16384 11063 31243 3352 646 20210 
31292 17058 22223 11671 7425 10864 2636 16557 4187 10962 22811 18088 123 18561 22813 20911 31610 19333 6990 13218 15690 11094 30550 27484 30701 1602 13659 30517 27620 10254 2586 12491 25835 25568 6454 5635 28387 17757 29135 9034 22288 23822 14679 8993 19844 11272 30881 5848 15067 29388 16187 7321 7721 26476 4350 30377 1841 5871 20963 6123 216 30199 9241 22950 32729 25761 27732 16007 10681 10669 28775 26346 2046 10463 17429 6741 31644 22692 30756 2629 1200 15097 16308 12846 12912 23945 32719 30909 20322 
9493 32065 30304 7629 26649 7338 1288 14446 7341 26833 32046 27499 7593 21307 17428 6541 19212 25341 3917 425 2463 17870 383 30815 26069 30560 1128 27143 24054 29425 1055 14569 6012 8989 28572 19372 958 1014 8827 24594 14283 11094 7165 30178 31641 11124 10064 26149 21599 950 22800 31380 3647 5062 1549 6482 2344 17640 5967 22743 19707 23947 24407 4140 10476 13085 21672 14174 25132 11812 21894 11309 13765 21643 22782 12036 12741 20025 12582 11310 10654 6121 17062 9542 18893 22581 21879 20207 3770 
2803 25323 14022 8927 30405 1262 1429 26669 8428 27275 12746 12459 13149 30130 13863 27233 2327 26168 8378 17012 21683 13855 3600 914 5437 2840 25766 13200 19778 24902 25760 13394 12330 21317 24509 27628 14792 9067 11659 14342 25648 27213 12247 12421 28617 3717 31592 32104 29091 27059 30957 17391 7178 16066 4659 28419 30043 25965 16283 22226 28950 20225 2508 3002 7989 18532 21413 18536 26044 7510 117 20289 30866 247 19055 14080 911 24457 23896 27297 15062 32120 2435 24703 17765 1943 8959 19641 13802 
30893 24847 21209 1496 30768 20954 31416 18107 5712 13924 27804 32201 2360 23229 14500 23993 20368 15993 11622 21208 23622 8543 470 5465 12174 18534 22122 13804 295 3805 20859 22675 24544 6121 23279 4529 27228 13364 15125 6500 1298 20452 8400 18709 12695 31946 21240 5966 27424 27868 4349 1483 11331 28902 26317 13779 509 20348 30712 5833 20473 2099 1554 25342 10767 22289 13914 24265 26380 3137 23192 3546 20657 3083 16716 21195 5374 2820 20740 11512 23728 23170 29454 2193 11016 22867 4431 21741 27342 
23727 11123 21793 19606 9578 18247 24274 23106 13678 16482 31559 25544 6505 15115 7874 10549 31427 15959 27153 26098 3539 14738 10848 8518 12370 30944 2897 26653 19472 19748 12111 21512 20965 27425 8735 900 24811 17888 22967 26495 28138 26705 14676 2584 32532 4660 19143 12967 20467 7226 8719 2813 29087 26472 7981 10733 15156 23485 564 9995 7811 14868 1440 7091 13576 17740 29416 13645 6429 1701 25943 15568 24428 12653 12055 14213 17578 27101 5263 1294 25475 29502 20975 7846 1744 2383 7944 23466 27664 
26859 9570 24409 2582 19431 7304 5080 12287 23610 167 22136 4199 25184 5975 14652 3293 13056 14009 32150 21907 8140 706 11378 12634 28584 5334 28533 462 8719 16793 3975 22478 435 28930 15503 11312 19044 15537 637 4274 26163 18562 3982 27955 1495 2402 12235 7459 6224 28257 8660 312 26058 8201 10459 22882 20931 18926 32755 31490 2160 8839 4747 14167 7005 9532 7733 1592 20821 12992 8621 18697 11649 2977 15638 14824 29139 22814 26502 23335 8358 14392 7621 31487 16798 31500 28242 8066 28118 
5215 1703 28370 26426 24955 9662 26513 16177 17978 6100 32152 20608 20320 8045 28396 4203 20269 28568 25837 31516 10291 7028 13777 8009 14950 7923 23121 3346 9842 25822 27554 11304 23377 28186 15783 15668 8732 32297 26981 2679 7201 28915 23479 2989 26423 7623 15427 312 23630 27549 16556 19066 7242 31390 16394 31619 24338 1766 6807 30188 14563 26760 18858 2306 18923 21714 11242 23848 3091 17619 25019 11894 13084 9499 19965 6822 21229 12994 3830 1585 16427 10668 908 23733 24331 10250 12472 12442 21604 
27428 6967 32245 19721 18775 27011 5292 20309 3417 25089 28124 19207 5829 6524 28791 23376 25555 26066 26930 28459 26726 26861 14750 19437 22093 18421 660 7709 15042 25284 19927 3205 5431 8091 31477 393 19283 7955 29550 7864 7735 27734 27160 3745 1285 32142 10690 10472 4259 6302 14104 7321 15548 28689 18887 5307 21000 3151 24801 2857 15822 21783 30338 15773 679 20265 5812 30990 9860 25155 23952 12092 16882 15183 8358 2697 5277 7899 18335 29706 17171 16329 6177 16350 8651 28232 30963 29630 12646 
13059 28770 23510 12340 10904 25059 25043 25850 13643 20217 23102 1779 20220 8025 15368 26388 9046 13389 30310 16020 12874 19286 22751 18092 6331 29717 16802 32156 20859 7531 1566 15598 631 32224 18893 1278 10798 23361 14160 8634 16744 30093 20417 3239 9508 6419 17477 12325 23762 7124 3552 28659 4290 18990 14222 6901 17629 1724 3727 10805 11155 8568 11522 28969 9492 10786 4789 9012 16067 16870 16444 21102 18151 12345 2112 19368 18596 16132 2842 29611 1067 8708 4256 2497 14125 28016 13375 29559 18837 
24541 5963 30112 12918 864 3474 32413 10562 27122 30775 26076 30526 2328 17086 17567 32050 30915 13923 19455 16741 6516 6064 15408 6600 26021 16974 24838 18034 29285 14108 14264 4172 25410 20606 8677 16398 21867 4344 18900 362 1558 16379 7168 1670 14368 18686 31188 32688 7411 4305 2483 15182 17581 13614 18491 531 22911 27282 16075 889 10834 27722 834 26219 18609 13009 25866 21057 15843 25689 27478 1010 6999 13224 2215 17285 27206 8485 10133 19913 16019 21043 29900 1606 28918 29373 2645 1395 17497 
21778 24599 22314 31362 17396 9629 32088 7155 15083 26905 2809 30478 30944 12201 27460 6781 8422 25306 10530 20177 23899 14187 19173 21353 14640 29011 5687 25238 9093 10500 20560 16636 20857 30194 20077 23612 29248 8783 27261 15568 26998 19481 12317 20278 946 5975 21958 18512 22879 21920 22085 10507 21447 18140 15980 9535 2161 22351 776 29142 24237 32467 29459 15921 13165 9572 6698 23751 28502 12514 10049 24335 17175 8211 11157 10401 32250 22248 17890 15768 12984 1 3542 20538 7826 10098 21446 20955 1693 
29384 2209 2814 32606 6727 25122 32446 21142 1910 3913 7532 30559 15582 4363 2682 20600 27406 2889 31127 9438 22242 8703 26396 1692 29957 14014 12199 7139 24245 6748 19205 32349 966 1770 11862 9407 15850 30182 6507 2718 10543 9906 21363 2691 26057 26949 6871 7745 10002 289 19554 31110 13263 13444 1445 12977 15285 23523 18074 28131 9772 1428 22151 15961 15954 459 28709 12793 24643 27335 30978 15146 2968 32077 18468 27881 32557 21846 16367 15642 16936 25349 16201 16667 15926 11227 11771 6303 20248 
11310 10330 31418 27487 27863 3624 6456 19059 8492 30901 20019 11226 24878 23625 18405 9143 21507 22726 9914 4241 24230 32138 16809 7766 10973 1171 1221 31392 6763 18662 7695 7734 31367 31793 27791 20438 2958 24495 26019 17458 12533 1100 25750 32568 23937 22026 6260 23190 4026 30371 1053 21886 29341 11120 17561 4518 30353 25225 4523 8596 30364 4910 11433 3096 15831 32101 12682 10522 287 3301 32321 15253 8462 25395 9290 27876 18473 19723 6274 3389 14683 9985 5435 15739 25251 30056 25232 26144 2057 
13171 30966 8090 6870 7578 12820 28613 4356 31551 31701 178 20724 11154 16827 13479 1375 31154 118 15206 28047 31765 14261 3250 32207 809 11836 27664 25632 23355 15414 22987 17709 26009 4045 5434 17793 19699 8185 5189 13048 22791 16789 5158 25203 9598 4792 10093 5584 16400 12354 25927 32282 29167 27061 7679 11772 14435 26439 14533 4220 12465 30261 7855 14310 31554 28505 22269 6405 23041 27647 14497 1689 3589 15605 21759 262 14448 22497 32753 11850 17047 11991 6414 3633 4451 9771 31276 16076 2039 
7300 12067 25887 7570 14642 23252 3610 2743 29890 28010 7115 20876 4047 4064 4817 9601 27675 26820 23572 30257 31710 7738 20147 8589 15197 14659 5694 4407 26815 20031 18726 18220 28188 3761 17265 7590 12760 10307 6578 15937 16687 5386 14393 5212 2320 16650 647 16066 4399 10493 1797 17546 27990 22096 6901 4411 22779 23663 29352 31796 12568 15170 2545 24395 16439 19191 28891 181 4300 5379 20631 21542 14792 15971 15544 22328 22891 26408 9379 3345 12890 9010 31040 23872 7921 28732 23286 23017 20186 
19737 25559 12578 735 22076 25111 19868 15100 2942 5827 27270 2745 8988 19631 7854 1975 3583 23473 8938 1672 4417 27660 22454 6595 6380 3631 19998 1880 10245 31392 22495 10274 2505 3635 25289 26043 10294 22143 9063 19092 11213 17042 21218 22597 18583 19428 1059 6177 23654 11146 21560 6670 16989 28588 31225 21908 32690 1337 30955 8499 11699 2521 31588 13306 17671 31268 6128 25941 11831 4113 1524 7975 15213 26033 1425 13848 28539 12317 32459 7217 13854 9901 7147 8614 29060 27242 25377 14322 269 
454 4974 27433 9551 15499 18625 1418 25948 5138 11105 4436 22855 23477 11914 11484 32228 21894 8795 25819 30160 32578 7408 2316 23473 11136 32459 12023 2495 15150 5752 22279 31364 2878 10096 26595 9951 27293 22591 29691 1359 11365 19426 32097 3694 10835 27251 11227 27324 19323 7432 10550 11678 25402 216 6109 16807 31853 21919 22442 27157 25824 11076 3323 32159 3338 4793 7689 15982 4087 22052 6773 29545 30597 31804 16676 9909 4307 6901 6221 11644 25847 15711 19408 23790 10735 24779 17866 4230 16346 
19761 13670 25999 3689 19662 30710 20454 22160 1809 6210 27649 19585 696 22559 12848 3546 4919 30788 28451 18461 13657 12890 9645 9058 7977 6482 15815 17736 1811 21499 9432 49 26183 26068 17204 687 14942 31263 27362 6969 2624 25910 9122 25635 12869 20514 30766 27597 15258 17002 10433 11546 17127 32297 26326 27683 12846 25187 32306 19245 20983 18329 3876 11225 30122 2715 15884 12443 18236 14750 31770 29293 30221 6030 19800 16069 19729 27046 12267 29124 29743 17213 2198 16560 24806 17379 14463 2212 14902 
31660 16438 30086 13246 27084 5107 5434 9250 18788 1311 11029 23215 8348 25878 22421 30786 17906 17708 26703 20325 20434 30702 25640 4028 8806 14250 10184 16544 4015 5681 9804 20233 15829 6619 8763 12977 18363 11212 29372 28278 19415 15222 10502 28672 23873 15199 10775 4773 2825 23332 4265 18825 29134 8895 27490 13578 2956 21253 11083 10075 12726 12146 22147 23662 1413 5417 21301 26904 12943 823 24263 9584 16283 30744 1364 5752 25012 18556 11613 6911 1404 21323 3003 24517 707 14054 5080 24289 11864 
27568 14367 28256 15903 26573 3761 8751 13156 12329 11866 1339 16239 31420 22467 28118 22105 17933 16105 29021 25630 2549 2253 15127 22514 26022 20846 19041 31193 28395 19956 23560 15986 1714 24366 759 3347 22215 10302 13330 11291 23778 32147 18785 18308 9956 16408 16497 17848 9310 30891 14327 24230 12627 18385 28855 10516 15935 32168 21924 4663 14679 28189 20297 29569 7443 21854 26215 15034 18410 24723 31200 22610 348 11977 3027 26614 20534 24110 27145 18273 1554 31108 13712 3957 9245 22992 3493 9098 32029 
20562 25048 19206 14514 11450 12138 2349 7131 29593 11770 10043 15037 22806 12128 9392 30624 21474 14042 492 29499 23662 2918 6395 21041 11355 18798 30898 31707 4658 14250 30203 13896 11605 25411 26477 17282 9781 18228 16160 25619 14022 758 30399 25288 5936 25692 478 3509 8904 18620 14990 16505 18750 6479 31791 25540 8215 26330 24710 1558 10334 26766 21264 29129 7319 25133 28309 25681 23285 13679 22783 19139 16333 8868 4461 10132 1097 31898 25732 1443 30049 21441 31493 7290 5895 23693 13989 2513 1954 
5404 20761 17492 14270 28185 29040 11175 18946 31456 11173 22950 12130 27875 7797 6385 21398 24140 9070 9384 28106 12260 17737 5491 18839 32307 28793 8134 7218 29161 4612 1891 14819 28540 6290 27680 16313 27155 3011 21482 1405 23971 11718 5642 27620 13399 23336 2983 23304 6966 7401 10636 1305 2560 8405 26412 16720 600 3089 5859 4901 18984 23541 4991 12738 9538 18713 26367 9143 21059 24755 20123 17135 20157 18464 16388 15587 9877 24256 21484 25357 21161 12807 14793 24480 27318 30673 6358 8822 11898 
758 603 6730 10773 26143 22831 3623 31157 14552 21115 11040 28786 13030 29632 6722 9847 4570 12828 12999 12899 31974 5833 7308 4591 23280 3302 30406 1488 20197 15482 22256 25823 20048 5814 13320 10871 1579 30586 4602 17438 500 27 349 25192 18692 3940 18269 20761 26141 31450 16888 6794 3394 27972 23662 31310 21451 3691 10226 25364 11960 22559 27814 7119 11078 15482 18118 14357 5568 361 9251 28613 664 30055 13780 6637 28086 24972 10792 20203 25616 23751 17119 30162 27515 25704 7065 16655 7360 
24033 13454 24140 9203 26061 5504 23956 6912 4145 7406 5048 29319 32258 20363 31730 23786 27624 15342 23753 28580 7746 18059 13364 28380 20074 29154 12034 30521 32058 30454 12153 31225 20175 16897 10046 16189 21388 10086 18549 25255 25186 25831 21032 32295 26703 17176 31725 30482 20773 27411 17603 8565 28045 17518 10558 11688 31307 28522 1252 5158 11460 12141 8918 29595 26813 22963 16819 5439 869 7232 3769 2915 14230 12569 23597 7753 12120 20915 5885 31545 18087 32428 16293 22993 27510 28601 27215 2973 16115 
16352 2622 10728 23565 10727 3180 21969 26419 26892 1394 16033 19295 4598 30377 25179 18516 30700 28303 15509 13860 29253 2156 22407 8692 5663 3893 29538 10243 14420 18352 14307 12009 19370 9689 9255 26653 28490 29061 12481 14778 16756 7749 22538 30083 19056 23181 30904 292 5064 6677 18098 21435 16308 8064 15907 27798 13526 18748 19661 10046 12839 9641 9633 4277 24370 4733 29324 8701 11392 27495 22675 985 6227 3058 546 16344 11159 10413 9121 654 17173 17289 11849 21285 30954 16258 9526 25621 16951 
22401 18621 24879 5403 31873 3071 24288 10974 24305 2238 20148 12911 10074 25968 7449 1809 8770 24978 23654 16209 25424 31807 8475 10299 9137 26881 29546 205 24505 18151 31223 2476 30670 19928 16861 15638 22658 26150 18417 17176 28159 24166 10058 30209 26280 13184 4353 2838 2301 7938 28981 13191 8383 24506 25938 18850 18261 28803 26515 24135 2927 8543 21446 15004 15337 18118 10576 10753 23026 29502 11888 8263 30317 28460 22728 4124 32407 25322 7961 1482 15339 26393 6222 23074 2883 28473 3004 4530 3903 
17015 22184 15423 25066 30405 19209 26735 2459 8752 27536 32709 13594 13934 10470 7890 772 15031 1077 15786 22641 22487 15081 15510 2771 27264 24504 10504 24866 4068 1247 20180 12342 24707 23471 27036 5748 19778 27977 2700 6828 21182 20646 1608 12866 30431 474 32547 29324 17584 16025 24466 29052 14958 3066 22752 6527 24031 18811 14883 29860 27364 30021 13166 13057 20562 1458 22856 28755 28414 31757 31837 31972 20247 5273 10612 11698 16313 14292 26017 30669 5310 4348 31420 23297 30424 28115 26641 24501 31197 
19360 19289 11283 28001 13686 21994 29801 7050 22456 8746 19151 27168 27869 32073 4619 4580 26481 31024 6065 24611 32092 23220 6543 13962 30823 14352 14919 15676 28668 23442 10558 31522 20525 16020 437 18562 20985 12462 9526 20436 18634 32554 5426 4305 26945 12472 4072 6604 27958 10595 29832 27461 14587 19140 12953 14780 26081 25718 18584 451 22014 2250 5602 8791 13613 6587 980 29040 2901 8740 18992 32471 17391 20272 21186 31032 20162 7698 68 27000 15857 4599 23680 14408 1336 1593 29108 12795 15987 
28886 21306 31892 5984 10528 6504 13348 19621 1718 21686 8531 22037 27826 15390 15932 10287 5412 6857 32126 12007 12480 16615 1935 26026 11987 31711 25172 12444 16764 22952 14063 23332 29208 15222 10713 24490 23038 31642 31024 23711 21357 10915 21842 23230 14018 10186 10154 18578 30702 6285 15306 20281 14376 921 32442 25703 8159 4845 18576 15790 5363 16701 25665 2300 8484 30356 18871 3685 7371 22590 15908 7970 29128 20453 20117 30170 2747 3578 22730 27681 17015 2903 5701 10559 26547 20002 23969 11826 10499 
30196 3621 25334 32007 21306 22937 2307 23266 3548 24664 14104 22254 7965 21415 16951 30639 8899 4677 14320 22277 17271 29508 19939 25509 18030 13078 27265 22217 31305 14059 11026 12839 3386 6715 2812 23072 3689 15006 4162 8251 7830 13796 8523 20945 5119 3682 26597 7946 5508 27018 25993 28168 28937 7359 7393 28257 12572 31847 29831 211 13783 8513 14096 18227 21768 6136 21577 28839 17808 12025 18368 5653 23049 22146 18566 15067 20140 18172 9780 17857 11889 24971 30508 1579 4983 32483 31777 6548 18087 
8285 23770 17719 661 14154 8754 6159 23974 30343 4452 26882 8056 25170 19589 1370 1406 4699 23634 9076 15083 23070 1836 28092 2002 19313 6497 14809 31627 18265 685 16420 5720 4386 27905 26463 13896 6063 12418 30884 19292 26894 18645 20379 5865 1103 12186 23280 31293 32151 16438 260 6277 10352 2262 15587 20463 15459 11441 1911 19979 10185 15245 24827 17271 1246 8836 3761 31419 25879 6664 24792 22130 26294 13605 5337 31403 18587 30214 10177 9614 28765 3003 11507 31555 5785 7481 32031 18703 3466 
17826 20846 960 21978 9671 7935 1356 30136 12012 18071 19893 17963 2763 27796 19247 10918 17627 3363 28037 26332 6353 8371 2233 1749 2663 25770 19179 3394 10845 7254 18811 23566 11454 24102 26994 2869 13413 16666 10014 8665 30655 32376 253 26003 8915 23489 2525 13319 6783 28899 26176 6843 1284 7856 14597 8489 15301 18831 17221 30994 2635 11377 15228 2326 24205 22535 8169 1410 20078 12851 2103 2921 5768 2492 14940 29174 30248 4677 1730 17920 3225 23680 12196 9183 7078 7839 24508 25470 21338 
24843 29723 19122 2826 25433 7512 14794 2966 19834 7148 1640 20203 305 7133 30863 22732 8138 29594 7676 3283 6154 18982 26554 9650 20578 26745 17905 12735 16743 14884 13823 14512 5255 16691 30409 28322 6900 343 22355 6241 12517 9797 21391 1251 24830 26969 29555 16405 23564 31359 8270 25307 6390 28755 25692 9297 12529 903 18584 4184 19442 6533 17617 1870 12649 25174 30208 27420 20780 3523 3801 7542 22705 23482 13984 13150 10369 3059 19006 490 15849 28882 13204 26696 25843 10640 19215 31487 18069 
18326 30589 29815 10023 25385 31 3772 26906 25420 17663 10879 10216 31970 20867 26462 32583 11540 32067 4453 21154 13042 3864 2004 10441 19549 5749 290 28648 14884 28411 20547 15798 20333 8775 3879 24558 4183 7183 21123 20739 9181 25709 19155 25872 7422 21626 30368 17165 24346 31007 18942 32329 8608 6184 28506 25620 22246 2970 1394 20924 31320 26439 32421 9916 2517 7327 1389 10031 11862 4297 2602 25227 22481 22771 24097 29323 20573 4326 32708 9837 2710 32733 31796 28254 12099 32663 2564 6963 11830 
22955 16704 18009 22132 3868 5293 30223 14742 15917 28755 20946 24175 6774 8505 31513 1775 11064 27248 24131 3399 17390 27474 4046 7246 27428 15116 2505 18212 9100 23898 23948 17429 19279 29842 11686 20160 1441 21732 1047 30072 25240 23776 22720 21994 14654 14136 23575 3328 26597 27080 23071 24070 28346 21971 18840 21772 6301 3472 23410 26763 9776 8933 7816 24139 12078 21362 2955 30595 11775 13777 3388 10307 27017 19484 22751 24079 12616 8112 10988 6604 8097 18993 15367 24801 22131 4047 562 18838 27120 
28359 4674 9919 28075 18476 13711 5791 22513 1511 2032 30983 12125 25085 12775 4286 13991 13072 4888 21541 2749 25129 28928 12571 26389 28084 32227 18463 1089 7628 19462 25268 17604 19897 287 10506 9252 28343 24074 23258 7232 10233 28349 3986 29924 14318 30334 16818 12699 31427 27732 10614 4548 14889 7099 10933 22248 10840 15771 23049 17739 14420 7547 23856 4801 3439 7922 10930 14275 27663 14175 27844 22210 18865 12250 2925 11707 18990 17259 8679 17932 61 28025 25416 22150 5946 31877 12898 3011 18982 
15640 28903 10938 19438 20729 18897 16784 1264 1700 31488 23218 18875 17656 25125 26144 28438 24368 20704 19724 24389 25876 27685 25507 5255 17264 6884 11563 7395 18630 18409 9806 2852 25152 31489 2485 31011 9448 3422 17113 32580 30491 32060 790 17731 28219 9413 11522 4145 13477 22578 2556 29113 3043 12084 32264 31912 16162 32146 11738 8877 6630 16147 19248 8028 14076 31390 31589 5241 15281 24736 3139 15220 21313 10414 27418 20528 32402 29292 4622 6408 3106 11693 24501 12308 19518 19931 3298 29096 21878 
11 100
13342 27981 16296 8978 11478 26933 1543 23794 9850 7098 20575 6007 27783 8701 2206 4323 4105 9572 23777 32751 27046 26000 29079 3423 31965 7823 32483 3033 8336 8019 23875 25079 4288 9315 17776 23195 19865 19153 18309 20355 27566 12140 15714 25117 14725 3638 15443 13980 24150 30233 18925 25931 22032 25813 22585 5665 28317 24381 19733 31382 10855 22947 6358 6582 11291 1169 8242 8820 4013 20922 32094 14400 21660 17711 23667 28124 15735 26326 30486 25195 18592 26649 29528 13515 9808 20955 10715 16676 20443 20144 5943 23745 9269 25933 31899 1055 11701 14141 29624 12100 
29978 6102 31194 16466 1484 3948 13912 16476 1892 7876 47 24184 4205 22219 26346 25878 5740 6280 17093 6544 7967 4432 4113 14850 5891 18233 6618 3419 28952 18897 14280 14772 29672 23311 9027 21729 22470 9353 10202 25414 6740 19688 13030 14572 11080 409 1642 28885 22127 18630 4926 28300 3826 12165 15981 7679 32728 10319 5595 26001 1484 11699 14379 32364 30240 32075 29663 10004 22291 32496 25025 25666 27983 11306 32386 17391 17078 3050 1954 22191 2654 5756 8079 21312 1498 5559 32017 6243 20412 21879 10725 234 12119 14413 5289 15891 22986 1140 31224 11284 
17466 32007 26837 21751 27486 7026 26189 5544 13377 32039 29784 6477 19011 22930 1 7893 7777 5198 31430 15572 27575 16281 9026 6030 25923 8965 16649 15697 28908 6769 22484 7433 5059 24888 5598 19214 29576 7592 397 2112 4464 16566 10837 16214 8741 3567 24794 27763 9999 24498 14932 8954 11474 31645 25400 9636 21272 2885 1301 17616 400 3370 17339 30490 28215 20970 5539 24622 22742 22964 31627 14815 8139 9728 23393 21363 4621 21373 610 6977 8811 4171 4739 26239 24596 17003 24336 27477 22620 29300 31891 8501 17853 20103 2039 31599 12316 22916 26861 12800 
25166 6782 5007 3243 22747 24685 3395 25676 3586 28195 14563 20072 18173 8834 11803 9992 18054 28907 8210 27848 2201 15865 5964 9003 27516 29808 719 12081 27133 26224 25732 25132 19195 20207 7393 9935 27175 1894 6597 1160 32268 17865 27811 27920 32589 30397 3043 2112 5422 2054 17285 29222 11094 14142 6408 8024 5332 14541 9866 23432 24671 19221 12592 5721 16866 2541 32456 29297 13624 5713 11949 19151 15923 26199 6635 8799 27108 20837 32420 12748 29974 11426 31411 1942 15388 2986 6542 28260 22477 31110 31089 3483 3020 15835 19385 30767 27149 609 13454 7610 
20372 27799 19908 20939 7808 32694 20739 23936 22857 23267 11558 20311 838 10152 2786 32065 27250 19621 1192 27896 15983 14467 5580 5779 6347 22826 1254 13656 23171 4916 19833 6865 709 19873 19666 14370 25338 26060 13875 20889 21508 8093 4657 4231 20676 26113 19803 26446 6624 28567 6684 31676 18115 7085 10723 2967 26597 7018 384 32633 7756 15180 27858 8158 19539 24790 21919 8316 17322 4226 451 30163 5278 4093 31885 10500 25242 30867 12134 7654 25070 19944 28083 32599 25296 27882 30717 17872 3488 26371 14927 3133 13425 7571 18912 9995 24004 12701 26098 12674 
27798 7105 32762 1365 2462 106 3841 20599 12752 5192 12874 15665 3621 9473 26421 24690 30878 6691 22115 25190 21127 606 31771 5449 4089 240 12269 28286 7330 12128 20373 5595 32200 18287 4386 32584 21900 10572 16471 17032 11116 4615 27473 9558 7692 5704 17002 2996 25142 13633 12126 17024 13087 6113 26540 22600 6124 20554 32319 30815 8820 11654 14414 31792 2888 30581 10625 9939 20209 9994 23381 16094 12408 28343 961 31358 17708 10022 3866 29126 28063 29738 308 2886 24562 13813 29130 5856 10066 6795 10271 2775 15555 25463 6630 5929 7452 13244 20831 799 
83 31246 32452 2338 5627 19266 14563 9424 27403 16644 12556 1871 23777 12488 24109 9697 15751 20227 25404 5817 3380 4762 13525 12302 27926 27802 16933 7533 12110 10283 9478 24403 10301 1727 7531 26875 9470 27791 23551 20597 11059 12616 24585 17656 26117 26881 27795 16249 25702 14705 22731 8572 3225 3935 16297 13867 26869 18521 21202 18853 12774 9385 21693 19096 14644 5509 32276 10770 6792 15238 21085 28052 21804 10588 10201 10089 13074 16063 26284 18741 8472 12200 17215 1233 23690 3010 30691 12118 6632 23067 16823 23160 2282 7456 9419 6166 22978 21192 15237 7182 
10145 17679 5444 12374 27772 16038 26692 12105 25104 30697 6850 30782 29732 20497 26464 4703 10254 9899 8394 29113 7544 26953 22682 4751 3172 10615 28025 24308 25710 20208 17543 4761 29009 14866 12798 4323 10413 27280 21778 24896 1288 32359 27419 17852 4626 7443 24053 8143 3629 8962 4519 6009 17708 8521 13636 14481 2139 1430 6927 31323 26560 32357 23522 25944 4257 28535 18897 19298 30023 2688 30218 17912 8705 24609 19967 28374 25451 32021 5064 1736 8687 26543 13762 32449 5773 4484 18813 5927 15576 4453 11733 2418 9793 14736 6238 28661 4760 24102 4614 24571 
29136 24544 9973 27158 13059 20222 19896 29876 1205 14977 18847 9459 27229 32666 3171 18871 19234 11618 23308 31993 24034 20683 14866 28514 5752 15575 25795 4632 30783 8968 21476 4824 29138 4119 6043 24133 9750 8425 2189 7295 18043 958 5187 23544 25214 6572 10450 24195 20595 19532 955 15534 4993 27571 26640 21330 25326 10403 32728 12136 13980 32515 27829 27678 31956 9357 19396 14123 23875 20423 12485 28511 11586 27444 23676 4478 31067 2251 12886 26446 18440 10664 12624 11503 31165 11778 29717 8299 27177 349 31846 12174 14010 22272 19903 14328 20063 2730 6968 3440 
11921 31105 3241 14971 29076 26443 24337 12077 4602 17376 25657 21056 1898 25823 9620 10339 8351 1953 11882 1492 16051 12139 16693 32305 21918 13288 31820 1676 22010 5078 12734 32189 25609 24575 30337 3836 32760 21099 11468 8879 869 26068 3521 20864 6176 346 30287 3507 3118 3192 31575 30390 10004 32567 2317 2810 25682 17057 4514 11266 14125 30073 3872 10426 15281 26921 23701 16905 30967 27388 10867 23977 6308 11661 4663 23351 14258 26240 3401 16262 13427 29807 21283 10809 7634 8487 25270 18833 10205 21525 15113 16515 18816 18683 1828 13070 26515 7911 16684 27851 
12568 21350 4303 21958 4285 32245 26851 10636 22441 24504 10313 9349 1396 7023 16920 7044 20855 10661 12535 12701 22855 23850 14795 8247 6268 3012 16787 17761 3511 12066 14991 27754 12515 4625 27816 1195 7866 24051 7436 15016 7563 7276 22809 10072 24379 350 26748 2496 9355 4376 10906 16071 9624 30410 25391 27461 25512 7996 14900 3165 18467 27584 29447 25101 13536 4454 7878 26627 27042 30830 19963 20658 25315 12291 1407 13990 5584 18982 31384 30740 11668 13288 23141 28854 11737 24028 8316 1493 7820 18636 16593 14504 9441 19115 10458 13020 11672 8139 23536 372 
99 49
12025 29139 13622 4581 26436 17687 28985 15789 16564 11689 14108 21116 7969 19218 1810 29512 28411 6161 28849 12762 31024 32490 9721 26057 11856 2048 16274 28585 11504 22182 5717 15488 1868 26675 22030 7545 3120 18772 11648 18397 5912 13735 16298 4414 11158 21893 14921 15350 24564 
3615 13726 26576 23322 6092 16753 31492 27059 20129 17238 5993 28300 28995 2607 28646 12860 16889 15090 4649 22026 15877 31405 30876 28171 24373 31175 30869 1675 7093 17544 24782 6318 6183 31963 23572 12887 16373 24915 27715 21833 14310 17773 4465 20877 24304 24341 29034 7955 20814 
3435 4957 31388 8658 31942 980 18902 15739 19449 29929 2761 11594 5846 11959 21107 10834 2545 25616 7855 14351 25511 16238 32604 14584 1630 15403 23226 12631 13 8180 20759 11353 11008 10363 940 30561 19413 16748 17090 10146 20683 22179 26393 7661 5692 5788 23177 31943 21607 
14634 5098 17599 6771 7788 2610 2815 31409 23037 25309 32288 19490 32364 24466 11587 9529 15596 20227 17757 29665 11596 1301 14546 22210 21033 7745 1350 7104 11618 4665 2991 1989 30924 22991 11951 19393 22311 11283 11042 19183 4433 5820 24307 5721 13242 30154 29235 16798 8216 
3689 5740 29939 26460 20759 20530 24680 32740 1801 32508 29805 11250 28363 5938 916 9309 3112 17031 12696 23430 12105 23177 21407 27790 30497 29046 9660 2758 21256 23890 31160 1383 18341 31030 17170 13188 31506 4331 9284 23612 19515 10936 24904 28468 31111 9079 23387 8517 6843 
20718 31233 16753 29211 7773 9545 23068 22738 22356 13650 29304 19091 5319 31502 1090 21633 100 17990 31148 27468 25124 3294 18330 27805 11297 5979 30736 20405 30887 22178 14571 18769 11917 18178 17104 26320 16326 1141 11363 25751 13875 29731 32185 17333 699 10024 6159 25283 17054 
23191 17852 7694 28422 14527 1636 15097 10976 16301 27503 8860 8937 28914 6329 12209 13324 11942 15755 5041 19435 27052 6603 5946 14268 1336 25455 14772 21846 5007 8247 29748 23179 20494 18332 9120 9913 31342 16644 24085 21148 30534 4663 14213 29286 22993 21014 14757 15890 15090 
13195 4870 5109 373 15548 16769 2454 32664 32388 15321 32447 2506 24611 24220 26324 27314 21300 8266 15460 22643 992 20665 21246 20271 22866 26552 31558 29898 23146 9971 11591 27120 19126 4887 11531 11353 5022 2102 23913 28235 19934 28012 13599 1889 32570 19395 2593 25228 24684 
19540 10032 3415 16226 25007 24493 19567 20902 8317 5552 22882 2846 2916 26197 11687 19701 22059 28758 32479 217 25631 26847 20570 29799 1461 29341 15837 2275 14704 27417 25506 2861 29701 8772 1953 18416 13246 12370 26638 12317 25372 24012 21283 8600 20160 20961 27679 10289 12939 
31486 16783 19157 8709 26014 6348 14597 20475 30050 4805 27784 31085 13412 3582 4957 30631 11465 27097 22004 15789 149 3861 19870 17628 13251 24980 16193 11471 23702 32609 28240 4736 11818 28913 7162 25263 4430 11945 1698 11144 16278 8097 32144 12672 5291 30120 23782 19328 2534 
2696 1493 19013 4125 8843 10000 28423 15293 14397 27009 13656 30489 13684 21820 29776 12034 15758 689 6887 11672 27898 27685 2978 5983 12794 29539 23410 16022 8870 28590 30681 16580 29749 22523 30798 8851 30584 23901 7907 24033 16039 2497 19493 5653 20576 14043 27203 26287 3053 
29024 4979 36 8902 7286 30610 1768 19286 26985 17674 26828 4354 30623 6393 7306 25960 12494 14992 32670 22244 13676 9657 18008 4185 28007 10492 12848 1582 4375 6819 601 29846 15985 26908 21145 4885 28285 2720 23639 8512 24330 4114 19958 12484 17568 24362 11361 20649 22710 
22482 29415 32216 6181 26832 25930 31963 17885 22438 18450 229 1494 16310 29479 17426 9290 3242 29343 29935 23842 29715 10709 7485 14254 12880 11451 26098 19096 3762 17265 23681 31771 27358 19478 7515 4720 24946 28382 1974 10377 14315 22628 24205 23298 10182 28226 31464 16725 17125 
12768 29533 1869 30517 17801 23767 15037 30094 18372 2198 8561 32730 30945 25463 11109 25210 24274 23158 21813 7397 23356 26737 3797 32146 26574 12591 31362 13593 27858 19872 6136 9365 26113 11622 12262 27468 18844 12693 5023 30610 26040 25783 1298 7914 10202 29716 23292 367 707 
20016 13660 15474 26253 2708 22056 12389 32503 32465 29246 24055 11262 9411 3741 7809 26797 13843 15829 15265 5173 8447 20924 10788 20800 14942 21859 27690 28547 20702 25416 24196 5010 1425 11213 30049 4345 3496 16361 11306 10888 16766 29726 11434 11502 7384 28587 29042 6026 5227 
15362 26492 18301 25758 26748 21262 22788 15762 5708 31713 13061 28767 178 25731 28903 417 21873 4346 7847 17716 29058 8362 31528 26427 22026 16249 13515 1639 27018 12848 21568 17270 22869 548 18844 27129 12104 3095 20395 5723 28597 30297 6535 32031 21408 21042 32361 14185 29486 
27781 6080 14528 29786 4525 1408 21010 4586 18603 19645 26104 3745 18819 1144 12860 26807 13027 17593 21145 24966 17158 3038 24769 11654 6104 3634 21925 24699 14939 9153 4080 27117 31049 18539 9172 13785 22267 25144 22538 17830 3721 16875 29716 21850 29747 4570 17350 24846 13567 
9980 29700 7840 14756 26692 11469 16295 12455 16429 3193 4012 964 19607 26686 17047 15503 16593 30201 1895 7259 11767 17195 13094 27483 9598 7490 6172 17159 27149 20251 23876 22465 8846 22468 27132 1465 17286 32390 14848 9486 8865 26659 11673 26934 26770 4444 10770 20383 21785 
21174 7788 24982 2405 20862 16467 19817 19613 523 5456 6856 32442 8003 7231 32369 11671 15201 11012 4365 75 19957 21626 27988 27830 25387 27308 31096 27482 20561 29000 24513 7532 4500 5200 31348 6443 13578 30483 14074 20593 30454 28508 13374 17800 29511 233 8279 574 4193 
11550 6503 1340 1824 27387 5571 6547 11290 23372 5972 19608 24101 3359 11837 30194 15898 26235 3773 1521 5080 1359 15959 3618 1163 11433 7217 14368 32302 4648 18619 7852 31822 8116 12432 15616 2577 32108 16033 26721 9592 30688 31120 2036 26593 5761 4186 32466 6096 30294 
6713 31838 2030 15600 3529 9943 26450 14239 13161 21545 26368 31462 5860 17673 22703 5677 15441 5696 10960 12214 7223 23623 26059 7378 10997 7445 3724 19029 28513 7221 4670 2375 27824 11547 8022 5084 25494 32696 4052 24230 11949 6988 18629 2570 15899 31612 13069 2033 30320 
932 12643 18879 30413 15470 14237 2697 2635 4004 26414 2435 18586 30274 21741 18615 10729 19664 23576 9213 4614 16878 8856 21543 5831 4913 12934 12924 1448 3117 19695 20584 27829 31699 22996 14193 10923 5118 6517 25965 19034 26440 31440 22770 11597 31010 15204 16911 18861 5156 
13370 11065 32611 23201 30758 11912 18557 17791 10059 2852 18643 1349 7133 12026 234 31094 21547 2227 10264 12830 15836 13798 29161 12202 18040 24972 17090 21756 21803 26293 6084 16319 4550 2938 9715 31480 7431 26675 29848 16350 7706 20202 30436 14572 18783 18191 26837 31540 17518 
29036 29534 10742 2905 26716 23490 30833 15153 28728 16961 32249 26059 3091 13302 4170 21187 19111 5120 6172 20930 24462 8160 5112 509 23734 4898 15689 13054 8207 11840 950 17063 18822 9411 21167 7284 19767 13995 21830 15872 30174 30993 11329 25803 27535 4619 19053 18746 4776 
27600 27445 2783 22275 8988 22386 12795 14192 13526 27781 27201 9570 12017 6564 23261 3304 26768 18289 16309 6367 1389 24017 10223 1895 18555 23547 32179 8851 31178 14031 15154 12645 25515 29034 28903 29945 11030 9207 284 1536 1864 25799 13489 9840 7344 18341 3353 23418 32524 
26467 30629 25533 7888 11705 17925 23993 9671 19792 4108 12934 1788 8729 25267 6341 17883 27619 24673 17368 14484 5933 13929 4942 18880 2104 3028 22177 32071 7265 19810 31012 15489 21934 31435 10807 11675 25767 22858 21949 6717 1127 12124 208 10601 23794 28102 24243 28839 24521 
27093 12807 8287 21180 3305 20034 20358 32000 7477 19806 10876 10881 960 19918 2357 31097 13231 19638 12440 9794 5831 28763 17188 18793 9006 22233 9433 15363 32369 15636 22102 5700 20939 4592 2879 31821 13221 18885 32737 11590 19033 1549 21017 2221 3131 25952 24945 32237 16602 
4003 31373 6707 10115 21116 20934 10365 26375 25096 4372 6132 10942 4561 32049 7291 4300 6650 30203 15752 19875 15549 22043 18226 10442 24600 30180 20876 14044 28610 21885 21042 29907 7012 12867 27681 10374 17670 2921 29132 10865 13255 23009 19820 31925 24274 32640 17303 21343 25741 
12637 17428 29165 532 24954 15598 527 7909 27558 9159 18346 16605 2465 10607 22050 31843 21122 19381 10969 13539 18774 14717 20723 16766 16138 15635 29277 18943 2955 8383 31245 28689 25131 16794 11147 6320 17735 17567 21424 27102 23846 8709 30381 20631 13861 31437 8016 8966 10769 
27799 13187 13049 30933 22457 29206 25747 21589 19346 32190 7488 25497 3356 6493 7918 302 27585 31107 9083 14537 22640 20277 19561 18478 29423 28654 15065 10064 371 16100 25527 23482 1646 15244 29746 6957 26792 22880 23151 395 24977 1248 18046 24051 9686 31191 14221 23342 31794 
20191 26971 1866 13959 23079 13808 32388 16685 21364 16268 15724 15497 22374 30429 24131 21730 12285 20852 17832 19569 1627 17530 628 27575 25036 22431 25826 19476 6147 25684 4339 12436 4775 21818 4112 24844 3598 31194 9713 15206 13640 17046 27839 28473 16223 30943 31861 6045 29149 
18345 8588 10045 11407 10268 26327 23213 25225 1677 30380 9470 9322 13228 5956 19088 8161 30207 18020 7720 14448 20367 14397 5186 7536 19425 15762 8361 342 27175 21784 4676 22068 30648 27682 24883 13187 28350 4733 8987 18719 11566 9625 6589 915 6142 14058 4046 17815 32402 
12686 30722 23255 21111 816 619 2038 1875 19500 7169 23507 12060 23284 3202 9739 9865 30386 9852 14015 26054 15663 15783 19351 18796 6131 22393 19974 26544 3246 18933 18128 17883 27862 15556 10954 506 10386 16518 25825 17622 18647 28778 16734 4134 21712 20988 7785 15620 9860 
26431 1483 16030 29363 9980 5112 32046 2048 20313 20556 23852 2390 18093 23189 18113 10116 32403 4562 16768 7722 3390 6202 30801 30681 28940 22656 14765 23926 12893 28758 18449 29919 22437 9264 3756 4817 24512 16458 3675 17418 13958 2796 5848 29098 22432 11245 8239 9439 5018 
11638 22641 11713 11064 31240 14763 12667 13582 31680 15385 25516 331 16602 30872 28429 28630 18805 20314 20819 27804 25237 26333 11863 1576 12910 5918 24180 21108 23008 5386 15408 5630 20286 29237 29983 24863 22099 17614 25093 6040 14759 3027 10811 5742 10494 9089 13908 27641 24866 
24079 13823 22071 226 5275 15663 31590 12123 17509 15482 4305 30582 3131 22719 25578 31922 7732 26124 31129 27940 31137 2495 14292 21692 321 18411 19824 13769 16820 32765 19510 2751 31794 7327 10554 5432 18813 31452 5992 7738 26900 19589 28768 3000 4266 31188 8068 28507 20438 
18000 17230 29314 23564 15600 30952 17287 22732 10115 1526 26692 28697 5455 21686 6613 20269 13561 30284 3488 23403 1445 8023 20371 13205 9053 21192 4525 20799 12983 12020 5312 24196 12210 4328 3701 5111 9186 508 12432 13020 1997 9131 13685 28569 21396 3489 5611 24679 726 
21014 19489 17485 4049 7259 18415 13903 10698 7602 30813 8419 10927 15459 3689 1444 4092 14604 23813 27978 31451 15929 31328 5082 31631 3636 1638 9498 11282 17183 14986 7496 24061 21823 9923 8715 24489 23451 16340 26538 7316 15046 8913 30332 7430 13817 12767 25760 10484 5732 
28219 22509 4644 23750 13182 25644 27026 12604 14367 6533 9235 1366 30521 22328 29240 7280 26510 13966 20341 28224 9165 8718 3202 6059 26640 27891 22786 19933 2217 32478 4195 1944 17950 26569 19973 20684 8818 28732 3230 31849 7078 31171 21725 10353 28544 17311 16205 18513 19595 
26556 19837 10609 5215 9187 24158 9738 4898 17201 16876 31288 20559 15304 12304 28496 23734 21700 9925 20851 16837 26737 29563 25443 30213 5819 27576 17558 31463 31717 6405 32137 1985 16254 23560 9815 26132 3985 19182 23434 25360 23581 20236 30001 31322 26308 17861 13363 7692 31431 
10414 23010 16382 24882 240 24019 68 25940 10734 13806 9463 32114 10024 25793 16185 27581 4447 16921 8563 27520 24315 12756 2785 16030 2985 15601 11345 12092 25416 16617 27175 22971 29702 10562 32677 21225 27590 26465 26473 32376 25798 7328 11575 10671 25982 10912 3321 15967 6091 
7649 772 8729 31564 9871 12701 5534 5900 5023 16316 10391 28258 1051 5392 5510 15638 17082 5954 6653 16069 32692 19582 7950 1415 23764 1840 17922 9166 32719 32523 11597 11666 7892 31568 450 21675 15204 29261 12292 9342 32612 16932 19005 8411 28785 26317 30226 19494 28019 
20830 30422 22709 10869 17546 10237 2426 7860 23144 31700 1506 6389 6006 21104 9468 28188 11998 15588 29662 30203 23544 184 31557 19048 29967 28566 2171 31890 7016 26437 32126 13461 11392 3548 27742 28491 22678 7727 487 20069 617 22670 896 11963 19523 27567 25683 30945 30262 
27112 13742 24571 29094 7841 30377 722 19976 22538 1802 8999 25320 30985 16741 26439 23345 26487 136 23007 1449 10891 5142 7186 3771 19862 26737 32201 1913 23281 26077 28746 24033 820 19171 1805 10847 17577 1524 31434 30356 9985 21071 25303 24918 24389 7205 6321 17400 28687 
28666 31193 15563 6649 31054 31713 17124 12374 21629 18118 10016 9760 14308 18816 9830 26418 14405 31960 28972 20919 11372 18554 19517 25571 29715 15947 11961 29153 9732 8188 349 30732 27005 25312 25348 23905 32472 9722 5742 14900 15211 20059 32065 30499 31918 15787 17485 22601 22171 
22277 9492 18612 347 17928 24714 31256 18974 15402 22297 11460 2891 6224 25064 13270 28633 11420 20829 2475 1532 5766 13537 2202 25861 23855 20451 7138 27267 18929 24607 31968 21167 12091 6432 20614 12295 4508 30979 14600 1592 26397 23167 12248 3137 24788 26658 15317 22998 29366 
21725 22464 1026 3501 32195 7407 27921 16363 22798 1605 19373 12157 22115 24417 11591 8995 5207 13334 30649 3423 3889 21531 11817 19916 11505 16132 32048 7345 19090 3185 21051 21718 11917 9350 562 3990 1182 23707 17240 18230 18122 19508 32371 29557 14241 28211 15148 21604 20929 
25164 11192 24440 20635 25274 7096 734 13946 16944 18014 13070 29633 1555 22482 30371 4979 28902 7636 25706 4345 4358 11170 18361 15136 10135 29980 24322 18530 31678 9510 26791 102 28176 13134 29200 7882 24651 31919 7420 21279 17732 25620 20244 565 27937 15713 32710 11417 25032 
2095 6224 7773 26520 15799 6683 19479 30294 13809 32587 300 15978 26621 2452 17231 3659 2497 29519 3908 11320 21204 14029 21226 30761 26266 24555 18552 27141 10673 7142 5895 16405 1676 31601 23633 29113 25950 6917 952 14937 23354 9593 3722 20639 21624 25810 12675 7651 15962 
21852 27539 2535 29680 28410 31202 11973 29240 6330 19730 2341 6026 31404 25540 30899 29235 8693 11869 9425 25185 11039 24586 6536 4927 26291 20737 12485 3936 11274 22026 7106 29793 20064 12606 8386 2506 26666 15 24833 16182 28841 19081 15083 21940 20416 6104 7308 14444 25603 
11273 23112 18566 12048 21269 24012 8263 7202 23835 16708 4477 5347 12269 10958 25374 22658 4558 31791 4652 18694 4474 10950 6619 8930 12135 21438 1782 21193 11339 24711 23167 24003 8414 20358 32662 3969 17121 29963 22683 25325 31583 18564 10135 22790 12851 4593 21976 12779 29386 
2968 24284 15413 20010 19450 25201 11914 7731 3077 8729 16240 3621 7563 28083 28510 3171 9715 17240 14617 2423 28975 9860 7230 10325 28910 29302 13850 17380 15378 11225 23746 28090 8804 5539 28768 18983 10374 3390 22220 28022 42 29158 21852 7791 20610 6994 15612 8737 25335 
9110 7297 29918 2078 2120 27962 5254 18664 26337 28104 16393 14361 22631 7984 20519 30715 12361 6191 3450 18515 8843 8910 10167 12436 5410 22581 12849 6739 8354 11972 18846 28667 1046 11872 18206 5058 4143 16139 9337 17115 19874 17848 30120 14573 25291 861 7064 10181 31894 
27209 5162 22344 16031 23992 2942 427 32408 4005 4721 16358 20204 28895 7780 6757 7329 26463 13888 4609 25731 16089 28854 13616 17279 1937 10188 5496 26189 22384 1429 12586 7250 8535 20031 9548 4548 5811 2900 15319 29967 18258 31801 10787 2935 29557 28667 5023 30975 17446 
27722 9413 16266 24011 17862 23117 14657 252 3450 18593 4660 11666 30630 30610 1348 31744 8130 9801 24640 8423 19903 2944 4942 20196 8336 26098 20365 27309 16873 28943 30968 17756 1863 4597 28558 20746 9264 20636 29616 928 20924 29008 10698 23530 3924 16997 309 15597 24762 
29222 604 4987 11593 270 18462 31236 9343 9275 10356 20143 19384 11295 20564 28585 6460 17273 22229 4541 16508 6787 2963 25894 5017 21101 1109 31905 7718 15627 11757 10950 23855 17611 25696 18839 14458 4329 22087 8282 8460 14822 14197 23460 30959 8758 1754 19383 10291 18233 
27559 23821 819 7788 28083 32565 26138 21217 3358 28126 10661 30444 32052 4146 21802 32288 1684 25189 12761 4985 21649 7565 9026 8155 12760 4532 26903 5307 30803 26155 11827 20252 14414 13346 2268 9918 23257 12150 20549 32146 17261 20938 27479 25456 13522 15321 31921 8716 32063 
16650 4078 17703 11716 20806 11302 29442 24805 13574 28599 10520 21640 20400 6469 12556 23313 23587 8703 25057 26571 22416 19748 361 14986 3725 20678 23040 28302 100 31695 22650 28843 3249 32065 18009 8359 7980 12482 29763 8676 19907 5207 26804 7998 7404 19312 26353 1591 24121 
21285 25149 32082 23852 19391 12622 6588 20046 31610 5634 6193 13435 28297 27983 7454 12416 22619 7032 16387 28392 6685 2183 26140 10258 4736 16631 12352 26247 6844 3761 9 1931 21717 7738 22581 10738 12060 1066 7244 32565 16634 14048 29571 12997 25833 20596 21217 23455 13251 
11501 29344 11297 17727 14516 13014 21532 22968 841 13141 18730 20785 27189 8911 26946 5015 28736 2366 11145 20037 5347 4482 21355 10958 16384 5708 23019 25334 5585 30268 311 22017 18207 29510 18048 817 12724 8538 9736 3466 25874 10308 25981 11480 24421 23761 22661 12275 5815 
30003 21402 29762 8803 23718 16664 30334 6348 27220 3220 24760 30030 32630 22640 14750 6773 20669 12716 6394 17517 24304 13823 1403 32698 25302 24615 24504 30761 12374 28285 32370 13319 21725 6092 24601 3984 29952 611 5522 3242 11619 12649 19000 19156 31449 23665 3361 15193 28108 
25934 16290 26057 11488 24617 19733 20649 2771 25041 4057 25194 13224 2129 1947 20120 13572 29128 17620 25428 26072 5493 11667 19204 28992 13074 32637 5705 2219 19555 13074 8754 317 23822 9266 11951 24689 17581 9183 14664 7171 5922 22340 28686 4365 18218 2038 20690 30320 24374 
18811 18582 20085 15478 6153 26433 7092 54 21647 31639 23861 11117 16890 11111 5590 6291 26545 23558 25324 18356 32097 32509 26157 12483 17408 5887 1742 4144 28684 2334 19944 25020 2324 3646 25120 32141 25210 22729 26247 2941 4471 17060 16575 16568 1119 5986 2656 7046 7975 
20152 12697 4453 292 19249 3355 25435 22549 28963 26418 3210 25700 10722 17461 32517 4777 10035 26657 8930 20080 31492 24449 19345 29244 22362 3985 5996 30924 2698 4514 28046 21404 2988 24000 3561 2735 11085 2195 26515 2444 15460 6275 10593 15751 18823 13855 16567 26945 10847 
15296 15006 20850 3418 26729 15127 9958 18847 14834 32432 20934 3399 12902 6740 537 15306 3241 28007 10634 4279 9310 31251 17004 23209 5383 6108 2043 25206 21614 13435 997 21161 19525 5865 5385 13107 14089 22714 21374 19805 17452 2476 30167 3073 18290 12672 7077 11258 30620 
9224 8510 20697 68 23426 24765 20953 27400 19748 1098 21270 9194 27640 19868 32505 7415 19946 30395 29687 21799 10016 4107 14971 18053 3977 32646 22304 32655 18105 1353 19748 27616 27124 26962 9498 4108 20616 13960 19422 15564 608 9979 24014 32091 31959 9582 12855 17695 14794 
2067 15118 8332 11505 26773 3297 27974 11119 15707 8972 23941 29095 6156 13360 19134 15186 11598 10977 7040 8654 2516 5791 16540 13497 6295 10504 3464 191 24163 4939 28677 30896 3734 22496 19200 29910 23845 25719 30902 15493 12767 2094 14364 19955 8438 6662 2430 22602 19643 
25496 15974 7164 5289 9220 16575 9559 13733 16171 21818 5465 16260 27934 23793 27845 974 32213 23115 3446 25025 1317 15647 26100 5017 748 14876 31557 24847 23439 12648 17670 23328 13478 26759 4026 1295 2549 7039 22881 3757 3743 10553 23629 984 11926 24363 15409 5442 17494 
10292 2427 24180 22227 8903 3811 19730 29615 25164 7492 3424 31153 24515 18859 8197 26483 23979 20910 32015 602 17186 6656 26680 27083 12877 31554 23143 27292 24058 20763 9338 9929 25220 32650 12099 25961 9719 25211 31952 7904 885 23449 20208 6485 17881 29284 5874 10599 13721 
14979 4784 27419 15857 29787 15053 1817 27966 7136 26170 22553 21672 22955 18175 1176 2819 2638 9272 24783 22263 20452 30045 11493 17503 25068 17095 868 10480 3927 28528 3050 23579 9951 20475 17953 9780 14747 13044 240 10963 27600 15960 20979 21115 18443 18008 8489 30585 18540 
346 7405 23055 2629 15681 10792 8146 24548 31214 9412 25169 13484 3334 1124 4343 30571 13046 14674 10803 32487 12597 21944 4053 7354 28105 22292 31420 21088 8205 9190 20910 23695 32433 4523 26503 2246 3842 1807 25750 2345 31084 3679 24388 14988 1853 27709 26614 4302 11691 
3735 3125 7528 18969 26586 5389 25669 29590 2658 1202 29397 1447 6198 5994 27997 18502 23282 19366 1681 22826 6148 13682 5476 14921 29979 8464 15647 10652 221 18656 23472 9762 13273 8836 12869 17959 32188 1856 31770 17094 12999 15271 26511 23725 28032 6772 9598 32288 14504 
26294 715 15937 5486 2352 16445 10638 12770 15615 7308 29611 25516 28541 17595 30306 15102 22374 7847 8680 16839 1849 8673 16993 15146 32481 12985 16039 30510 149 13211 13383 3767 11517 16543 5325 7093 10902 18779 10306 16795 23639 31996 6386 6675 27541 15509 27763 23023 10532 
1974 3554 16995 2495 5953 19824 12914 16809 6777 31005 27815 17301 19036 29380 25861 9924 18227 26456 11072 14445 29799 2925 17710 15457 18070 250 3448 8431 14310 19037 27285 10757 22169 28319 29177 22425 8674 13050 19337 2887 10487 3480 26963 12604 8296 13726 26492 28754 25007 
29801 10361 9596 2312 7191 386 11877 9603 18250 2884 18260 12119 17960 27351 83 14457 23719 9967 3472 2925 13831 23894 30467 11357 12704 27802 27473 28776 27869 26115 14833 7996 11913 23495 14477 21223 5961 24449 6059 2538 15210 17632 27276 8079 2525 31900 26196 7805 9344 
7087 7276 8586 3488 25281 13349 14032 20155 23012 26526 30979 31882 21633 18407 21250 15422 29074 3174 8619 11787 27666 29050 10228 24803 20402 27231 2359 13188 26062 10834 15822 18100 28319 18677 13792 25803 31410 1524 7802 627 30873 28649 31970 15532 19168 29309 5160 30739 31299 
4048 18685 1379 22557 18716 30664 28476 9508 31381 28919 21795 4180 11923 3987 30667 8745 11250 7704 23186 26641 17337 32131 7759 29729 8699 17068 31051 1287 9723 15830 28813 27200 1427 8325 13915 30859 16343 13712 20989 8861 8949 24438 29892 2582 26976 20725 8267 7348 12845 
13273 509 4550 22717 12819 10199 23524 28572 5386 29295 25310 25257 28470 26678 6642 1143 1002 19962 17986 2804 24945 10415 2437 16200 24925 3182 1276 25856 796 23742 10407 7276 21708 25107 698 17477 24144 22676 9035 7827 17060 23585 26701 15566 2925 21909 17857 30532 21205 
19784 24107 29626 16277 18137 32579 32598 1875 2602 22254 16317 27439 32171 29804 32632 25241 30172 27091 6556 26725 7693 8636 18602 7713 24168 15676 23732 14758 25394 3606 7361 28909 10574 302 22387 22564 13315 3393 26343 26113 20479 31188 11229 4695 1947 4714 17433 17127 11360 
6650 9 31352 6602 4768 23463 32298 5453 11667 32417 25863 28566 30551 1975 17883 19219 5172 10085 30533 11189 8422 19907 5647 13301 2966 28585 17851 13077 30985 10006 24414 26792 2584 13011 690 8532 5472 6483 15718 4311 10554 29406 15544 3400 27118 7919 15686 3999 8227 
26842 11553 7544 2970 24497 13348 20 19996 25961 5764 27809 689 14649 9639 443 21779 323 13114 15922 11618 6006 14974 21774 17433 7603 13282 720 12865 7470 18135 18427 20965 13592 19936 11475 709 7291 24808 29285 10062 31589 23001 21703 28106 24392 1898 17057 14805 20129 
569 11756 16912 16344 22553 23034 13849 30567 429 19127 186 4415 22070 14638 31328 14695 29097 12623 8143 22503 16645 15599 8469 13284 10467 16400 23740 21004 31310 27235 6980 4661 10710 25099 7889 20544 31968 2980 23328 3140 8512 4996 27071 24041 25354 7232 3710 14097 29860 
13938 24609 14782 32032 1466 26967 9520 24777 14083 22000 7757 30716 11272 74 22342 10298 22 29452 23160 4986 18963 13079 31888 20932 16319 26042 14835 26875 7738 10021 861 30459 31687 9505 15815 16868 26319 20990 31119 8884 30249 17356 9427 32284 11928 5070 15645 16268 24981 
21035 17478 2705 26959 25063 31892 5728 26097 20754 12326 26547 24611 319 1938 23763 29907 13368 13260 16374 28213 20720 28490 21452 28168 29881 6757 3669 3356 9399 30467 30197 5137 13205 18291 21706 12641 12150 21656 13885 20641 27695 8010 25303 30467 32179 16633 20055 18720 14030 
16275 11265 7668 23 22696 7480 17194 6944 1997 11855 22170 9711 19518 5533 22801 29362 29127 26831 24144 1966 24804 15490 32343 23417 14887 25106 27619 8553 16602 14252 21557 14924 22758 16043 27669 7513 7155 27681 19991 19815 18897 26547 3613 11869 6166 11435 9757 20202 9481 
16712 8228 31350 4543 30808 8603 10072 1924 28937 15306 5449 11389 18685 9626 12312 19339 13468 17055 2720 13169 29102 6997 1528 4410 18473 10922 30953 18901 3399 9405 27557 5891 23772 6886 15285 27507 31975 8438 15412 25130 8039 22464 9787 15657 30320 216 28060 14154 20093 
32666 19923 11628 8968 27502 9017 25295 24920 5963 25723 25793 19867 12922 20555 20859 15924 26269 9045 1606 8534 5871 27253 30946 210 9421 17703 16423 30765 23926 11327 4077 20726 29967 4314 11306 14678 13034 26516 5978 18665 13063 29691 36 18380 24795 26692 12858 27640 3921 
11581 3713 206 21007 26243 20082 11506 31738 1781 5824 19037 26364 2408 7482 1198 26885 8605 26100 12737 6735 31088 23457 6275 20711 20049 18244 6661 30057 760 27400 28879 5386 31061 17515 31350 21724 18630 14754 16241 10830 9357 13881 11560 31986 1665 31483 13902 5508 29187 
9489 19825 32295 25396 12398 28111 14321 15974 31082 9836 27050 21456 428 23393 27601 19333 31822 12663 21984 3495 25916 22516 28882 31447 10205 9397 13025 2289 6390 13949 10388 6134 18379 4493 28409 4938 27271 27253 9007 13088 27101 4905 27432 29234 20464 15959 31661 2997 7792 
3320 16291 5516 20486 6694 1164 2748 2291 31021 20561 23072 15092 23012 17470 19806 16488 18238 12622 23577 12980 13340 16809 16232 32743 19045 23403 22919 922 12377 8359 17869 10011 14370 12460 9438 19658 11692 3718 31010 2754 14007 20680 10102 30908 31019 32393 28705 5425 31659 
15789 29705 1471 29804 13926 6695 14030 31304 20473 26936 7795 19470 10950 10677 9877 8733 31619 25606 590 15921 11208 3827 29331 11644 25552 603 15896 28921 24958 552 24686 32765 16542 30082 13422 22799 6254 7747 7643 5369 4700 25771 30275 12319 24082 2902 16678 32272 9904 
24426 27483 31579 27992 14613 6574 29092 27888 24631 19150 8694 27427 10587 20583 26971 6825 24300 25483 5034 29385 19110 22614 20641 8220 29514 13522 32563 29331 25238 12056 17187 27835 1908 22200 6354 22592 2162 27995 23382 945 6770 12967 28875 3458 12194 10083 4334 24663 4783 
3036 23016 17536 16950 7559 10087 10943 8316 22503 24563 5202 19294 15537 11392 15405 12427 26415 20031 25992 12784 28386 1722 29593 28276 23915 17952 11939 742 15276 5085 23087 22323 31274 25966 153 19421 14517 22388 6095 23464 12620 32007 25430 1431 19003 14668 14222 4886 4998 
22346 566 3705 13194 21497 15410 32165 1762 3740 10380 13581 30600 21329 1210 22241 20284 29671 3615 21121 2346 25327 212 30776 26311 1302 29607 29991 19452 11442 13668 19327 9862 29594 3924 6900 25757 26427 4356 19822 16083 15080 18759 31745 22848 29810 4222 8223 32732 18169 
18455 25868 556 4097 13140 11667 29217 10952 19790 8696 19005 3544 16441 23085 16119 26328 25065 30792 16225 10407 22933 18229 26888 16300 21212 12712 29467 24679 25093 9558 21712 9292 32139 13925 11012 26834 12505 5921 8482 9415 27730 14320 24901 10214 5780 9096 20385 30891 17150 
27487 5407 17510 12656 14435 15687 5519 31569 21484 27491 17497 4567 15599 27361 21897 29058 7540 7930 15241 12010 13386 5521 11704 16571 1785 16734 2565 11006 28664 8011 29884 28570 23840 19230 10911 26650 21089 18265 14649 27824 1204 31838 4463 27770 8528 13015 10328 23301 5409 
3413 6735 5904 26742 17719 1094 11922 762 11982 1885 9214 27621 18623 10931 6341 23155 23208 3963 284 10902 26374 11091 17665 2535 29782 31954 29304 28899 29050 28256 25883 15444 14687 23371 1745 31501 31197 27415 3550 17370 478 14101 23580 10167 15043 28215 25479 5184 20739 
27426 13311 14953 20501 28805 5706 19823 13713 32681 22617 11791 16274 32074 11980 22005 31326 6310 20408 6007 20809 10451 10919 1411 9942 29781 25056 6102 14368 5872 26857 24431 20344 31163 27723 24388 2640 4470 26261 23859 13912 22301 1699 16187 2534 11965 19232 18668 15259 12423 
30538 19740 15684 2083 17653 10204 7678 24135 30675 5291 22430 135 13810 13545 2895 15215 18822 23182 29053 6863 12265 27419 242 1110 6624 28369 4415 24674 16672 8225 31838 17687 14097 3941 917 22447 4305 11981 31645 22544 5244 23196 1028 2724 19371 12692 19920 29797 7994 
11 70
7479 24655 19727 13225 19579 25239 27448 27237 29665 3027 2685 20463 15485 31892 13752 15878 27166 13890 16958 26621 2267 25187 2578 31772 6382 7962 5721 29763 11462 29934 19982 22992 11607 22989 31991 195 14517 25937 18136 32288 20193 6722 23270 23957 16610 26971 31614 23133 5656 20817 11799 8036 23502 16401 10102 21164 4878 6473 18465 28655 12473 1579 15637 13958 25559 29294 6331 11913 5675 23189 
30745 2360 23306 20339 2117 24729 16494 21231 32 6755 13895 29189 25152 29211 17 16397 6958 28285 25771 5952 20434 17949 4199 17016 28715 30542 23902 29751 25156 5955 30214 12011 22883 7284 1542 624 11651 10307 27976 17111 18180 5088 10576 7270 29346 17514 26829 10463 12708 2647 32110 27142 23125 4117 8183 19805 7352 7153 14996 7474 16248 10553 11629 731 10526 7325 16762 32321 2438 6107 
15769 30363 14228 12444 20958 18556 5923 3736 19754 29968 6974 13569 20735 22178 14483 31519 30610 32354 23588 30776 8226 8038 14912 26290 21897 10990 2482 17019 785 492 32568 9897 27528 24516 7479 11870 5783 25168 11180 23791 10319 21287 27750 20805 22277 5663 24435 18563 29536 24848 11224 13288 14000 8411 133 26104 19329 12203 391 6870 17521 16507 5504 24565 30014 9177 10068 7919 25123 18921 
12326 20405 14693 9644 7555 5609 2857 21890 26588 19848 13192 13550 27962 19148 10981 15258 25645 20817 12414 19867 31493 1654 834 24821 30533 25350 7395 7266 26965 26648 9003 21327 18551 6963 915 808 2812 3510 27922 13781 3768 29559 7219 28037 26035 3243 11626 32170 23329 26374 27048 30020 17557 14883 16685 32355 29553 25381 26782 22247 23201 17311 19543 18059 15497 1969 19970 13858 30011 6004 
104 19488 13550 14232 21896 12891 16044 7500 29414 26899 32586 31070 8230 19248 4253 16036 985 10188 31979 10138 8855 5361 22176 16204 21582 24484 30786 29047 9177 15650 167 26091 19669 8553 24422 11059 19376 24314 1419 29816 13314 29662 3727 28323 16673 10215 30087 28866 21744 24632 10907 2989 22775 19463 7354 15593 13753 20130 2956 18636 21569 19120 13736 32738 24063 12986 14088 29584 11986 746 
11193 24055 11622 2066 27351 16667 32192 6127 28089 325 16919 7856 14185 32422 24038 9650 20567 29244 28479 14222 10830 4602 29282 17749 166 16419 17294 28954 2236 18935 29463 25009 1695 31121 8121 951 6668 32528 19244 23506 22429 29941 23800 20026 573 972 18315 32633 30943 26895 905 12911 11376 25927 21859 18328 12809 21876 4395 16786 17770 31663 20647 29401 20388 15118 20388 14550 17941 19144 
25228 26648 30105 9369 15163 19937 3583 12904 28687 27364 442 32552 31038 19277 3545 28412 6253 8194 32314 17054 24190 32040 506 27137 17321 25066 9263 27189 1486 28021 15578 23180 16649 25927 28183 15611 30344 28842 407 13762 30105 11643 14928 26191 23303 560 28275 28512 6823 20762 32159 24169 18222 28902 30548 2613 3141 3690 1450 8911 3808 23455 28739 30883 10187 12265 19326 16097 11397 32159 
10221 19746 14930 16583 22026 9294 14220 19233 4645 15037 32570 4456 11425 21404 27364 24020 608 26003 11941 3043 22908 21668 15233 12633 30264 855 7161 22661 31798 32532 32477 12231 28650 19408 25698 21071 27726 4844 8564 3623 24791 14681 11597 19316 27560 8449 27975 30969 9223 6498 29422 8668 26893 17276 24666 4269 2209 27886 26300 9124 21159 9820 4918 13866 27764 6419 24048 17307 30853 24560 
12136 10059 26225 26494 20489 7623 32541 6494 30208 27485 303 22252 25931 19422 25029 1823 22034 4002 1382 15281 5435 2509 1337 12672 4921 13265 21620 12341 21796 10804 23064 3363 31759 26260 21212 21874 22166 23272 3942 25468 12470 21000 25281 25463 21986 14704 21772 2901 31058 14400 28271 2536 30879 14216 11860 29002 11405 16323 723 8316 15399 20385 21613 28749 9746 4106 31230 10109 29723 2399 
10477 31267 19730 15875 13734 6220 22747 19994 14410 4069 10946 2192 27044 1499 9743 3421 19552 2688 4314 25864 30327 3377 18721 12650 3822 13110 20504 23477 21440 5609 8128 25525 15385 11290 32443 13397 2756 25267 18015 8548 25831 10392 20233 29337 16622 29137 30388 8149 16837 30187 30154 8873 21066 11675 30265 280 5378 21413 8394 30110 31754 27900 5295 22641 7505 7211 32090 11782 5893 17395 
14998 32471 6219 15670 20176 23652 25139 9236 1973 14199 21739 83 5379 27565 23859 19716 408 9266 22032 9059 17104 32204 12997 3328 21005 2587 1279 16668 1175 6175 13136 20822 5543 26106 29662 2439 5822 8183 24413 1770 14907 20684 12346 19072 11309 10012 537 19122 28006 13376 9602 18489 25809 2119 23511 27195 6917 20283 3978 26038 21529 21414 23692 13346 31674 2645 32009 7506 6012 2908 
43 1
13166 
7259 
25115 
18745 
31985 
12287 
20454 
6638 
32714 
32459 
15039 
15340 
14709 
7448 
32554 
3318 
30396 
12890 
15706 
10433 
12169 
13734 
13219 
10656 
21753 
21361 
7474 
23649 
17841 
24731 
26876 
27505 
23669 
32428 
23796 
17735 
19703 
21853 
31105 
16896 
17132 
1370 
12591 
