10
15
25931 2136 4261 85 16554 5609 17958 3444 14253 24585 15248 3606 32354 28761 8846 
85
6617 11900 8137 26419 1079 17367 12195 24617 22278 27796 17192 10400 28623 23021 10561 27691 17131 2471 6187 14692 20630 14044 27432 6359 28741 18430 26741 2843 26170 24089 9083 12866 30549 26968 20297 10868 28461 26315 5442 21974 19551 11111 17427 8112 1830 24655 27369 31440 9772 5202 13536 7977 5536 1716 6334 19136 29833 3889 12513 2505 19546 18239 20342 18956 26310 22676 8940 15758 13781 5352 32424 20590 568 15100 7163 13837 21466 3291 26449 20849 18615 7007 11691 31980 19953 
85
15951 29944 28448 21929 21693 27238 12266 20051 24294 32696 9173 26934 29593 13771 14424 19893 3390 3001 25912 30041 23750 22013 14098 23577 18658 4312 26675 1497 28019 12788 31664 32048 12098 15688 3764 12142 14322 8507 21524 18910 28211 7692 28201 31816 15928 15473 6878 17594 18026 6014 26120 10376 15454 32201 22006 32402 7684 11724 17993 11973 802 12682 25862 2789 8961 7542 1514 9353 25191 13968 16382 17511 32196 17361 2411 26321 9136 3785 17806 24960 5013 22407 31055 5777 5289 
14
6575 22733 22816 28948 10401 25901 8607 758 5147 5533 13555 25418 2924 12545 
4
18093 16080 31862 29187 
51
15682 29146 26859 32283 25745 16270 16936 922 6070 30074 25489 16916 12133 850 20636 30585 22754 27672 8146 16768 22294 21219 25728 12430 23010 17630 24752 473 24499 25747 4951 17613 21847 23146 30416 28591 26639 11884 905 10112 15845 28493 19197 16164 2111 19114 16098 12739 9397 31375 30883 
81
16416 11324 5392 31496 12275 17449 30805 11357 30159 9031 3624 404 8529 20873 23111 23756 1071 12707 27938 8961 27779 8722 4308 1327 22886 12124 16984 25786 24001 15257 19194 22285 9568 16178 3595 3201 20552 1769 24281 7809 6219 4889 29407 2285 29913 31807 17464 21179 12569 186 30810 10724 10296 8143 7936 30334 7170 26096 23912 10533 22959 20030 22975 18592 8447 23884 31450 706 393 22822 20518 17549 8783 17042 13794 7582 10135 29589 2443 29381 10998 
50
664 17395 31150 28302 872 2393 3386 22255 30329 27598 29222 17798 3034 23665 4388 3091 27363 20368 3677 31464 11299 7881 13061 29752 12186 22127 5426 17554 9000 29232 29166 25769 19782 19700 28042 2134 28660 18439 11830 7904 22514 28027 1231 10362 27699 4552 6136 1293 20879 14518 
73
8248 30392 16765 11667 7830 7279 7722 7507 28735 11768 6724 18984 27793 32203 29872 5239 23344 14988 20690 17439 3659 12349 17141 29522 29217 10675 31725 7075 13764 1606 22522 31071 28957 22477 21744 14625 27697 7370 13205 9121 27554 27361 18507 15309 9849 7567 16111 795 18722 23832 22016 22557 10680 4545 21764 9046 4484 5952 16935 17996 16320 17521 6950 222 2464 6986 5483 16600 15251 13585 10618 4037 8134 
77
28043 4868 19945 6650 888 21022 10295 30080 7642 14167 10672 29414 24687 32387 27049 11203 8128 1563 30855 11126 17408 13968 31176 12567 21302 29663 8003 19886 26271 19814 27056 12962 3917 24566 21098 17524 28181 7721 17012 17836 680 29430 31418 11796 30208 29314 20890 549 25598 3385 27043 16063 26705 31006 17821 11549 29337 17759 24009 13063 9676 19501 6762 29513 18137 30410 22403 21093 32396 2020 21987 13189 29362 24609 15711 435 31357 
