10
19
3912 20000 28324 10400 20481 8721 15030 19955 8105 24437 15292 25744 16132 18186 26184 10834 25043 13731 31662 
67
16560 32381 19210 6452 569 16337 900 20393 16240 26022 31698 8854 10082 20201 4863 16748 1543 18623 3691 5529 12906 21530 6420 21688 10249 27019 18451 772 20351 12119 18538 31251 14944 21964 6652 18369 22117 3541 31709 31082 23497 19917 28108 10076 31474 22673 27390 21643 3412 15065 16926 30343 19859 13000 11921 14764 23271 13761 5886 21912 3013 2173 5390 1507 21436 7514 10864 
99
16541 11510 18209 22443 21214 15613 1258 3576 13632 2367 15402 12646 6064 774 21973 4261 12651 23206 32445 11221 11878 18261 8208 23287 3053 317 16674 14497 10378 8656 13933 9462 2856 24156 16855 29910 9592 20703 2099 8530 5524 17180 9 2915 10979 12270 15770 10203 12860 28381 16415 10139 19790 15855 9298 28679 22847 7616 24623 30647 10387 13269 27644 23407 5200 10030 31879 16210 10335 11034 12975 20562 28470 11344 25637 31211 8372 21562 24948 9233 14412 22164 23871 3431 13926 15670 22730 5553 4354 9774 14781 3212 6047 10258 27940 22621 20059 20629 15289 
40
1115 29015 13158 11745 10605 12034 18950 30823 9964 1682 7532 4399 16357 15604 29862 8607 15479 27859 26242 28894 25728 9903 18770 9352 3446 22319 20461 31142 16274 26552 30710 2525 13876 19774 11617 28901 16259 31066 18226 26173 
12
24989 16776 7965 22861 4389 22747 3245 1609 30829 27266 19060 6399 
22
15992 20755 30175 7635 7775 16691 573 15808 24005 23228 3761 27766 14247 29767 16574 32129 9523 1751 16305 1028 4562 8643 
45
1614 4198 23287 3748 4013 30160 3933 1992 5255 31926 1941 4259 23718 22147 21740 17572 26580 19887 31372 12956 168 23872 14064 20583 29087 24977 411 20942 4206 18002 4362 26284 5015 21968 31975 9296 26171 3446 20607 7715 28207 7060 8566 29066 30802 
33
32441 18702 16157 23611 19381 6843 16251 7477 23495 9669 20443 11730 25075 29554 11652 2831 2264 24371 29737 6048 18147 27156 13246 10876 17092 23895 6282 26267 23582 92 22908 16382 11395 
54
24770 20977 5279 5079 25240 27277 10675 3106 22110 28544 5958 30308 1518 17 18711 29355 10028 30814 29013 22202 13279 14824 16146 23214 29631 23890 22774 30945 27854 12646 28720 1295 11756 11097 32690 16055 10150 11344 2974 25284 1872 16418 29947 109 18515 14688 13741 5466 28615 20115 6308 13576 9797 7364 
80
16238 9206 13122 7524 27361 8944 3231 32682 9525 19395 6396 6999 4133 20558 15750 4207 7412 10456 27969 12924 2901 10076 16133 22148 20361 21795 9414 15672 9159 20120 10264 28014 18656 4441 20465 4817 14883 28810 5041 13527 22654 9070 32609 23028 20711 8760 27960 27406 16890 17694 30820 27440 25828 22960 3335 22402 15743 8808 14719 17273 5566 29826 9450 1355 18508 26637 20201 1702 7792 20035 31909 3489 17716 25110 30480 4595 7622 26379 32366 29282 
