10
22
14660 5096 19620 20715 24408 11834 12103 3699 1957 24289 15337 15115 32679 7610 10754 4884 10700 15562 22418 16482 32041 14628 
25
21055 11627 4877 17375 30386 3857 29023 20067 22785 3033 5163 3539 18804 15224 23202 12718 4700 29838 24630 18866 7764 27097 29948 27819 21447 
54
30037 16778 18866 1428 17613 7862 14763 24682 28739 13223 21283 12396 15179 28848 21480 20408 7376 8476 2541 1288 28414 27517 8782 9884 22110 11329 27023 26997 9283 24198 24869 12484 14438 1840 20023 29090 9677 22072 9637 32513 7921 29254 31050 20963 27935 8835 19070 8650 30495 19112 26079 24943 6932 27996 
47
29622 24483 10428 27972 11490 16471 24891 13878 29701 6468 3756 15224 6331 30187 24477 15924 12568 18270 9959 5039 5087 17829 18307 12748 17141 95 4767 25810 23061 25260 19441 4718 21956 11851 18508 11772 18056 12800 23153 16898 17493 16185 551 13053 13896 8944 4494 
34
17048 9683 15536 219 31433 22435 18265 29401 6178 10714 17705 16972 23650 7568 8167 10924 27311 2207 22552 25661 11471 13830 13264 26514 6298 25995 20425 2639 27055 28325 18098 22835 9063 2712 
90
21333 28423 2530 3500 27309 10810 30934 29292 28119 14782 30599 1508 16148 29789 18663 26953 31890 14879 23856 23298 32237 3006 23427 10681 19189 13914 28367 23986 28594 26478 23029 3163 20901 15619 5930 2597 27217 9763 1692 28307 2810 10129 28760 7824 3501 22711 23915 20742 6016 11488 3143 16812 20507 23719 1129 1568 12919 943 3385 14645 23270 18069 3122 28814 30292 5411 3650 12396 14028 23751 116 20932 28990 16195 23500 3733 18559 8613 18546 10360 2449 10106 31764 23929 7461 28223 22405 7973 12894 7448 
63
16356 1752 7365 11670 2697 28649 3025 20980 30760 2342 17164 10149 30759 11305 32316 25003 32408 5522 32016 8262 19654 23372 12373 14684 10254 6162 18284 24606 29425 28721 12796 28649 23655 21391 27108 24170 6517 8428 6516 6406 23809 3688 29148 20857 486 31557 17892 32189 6980 3823 15582 3885 24345 18745 12761 9450 7958 26602 4888 15742 17323 17784 21955 
100
32101 5395 20955 21238 8313 8165 6771 28225 24225 26521 9758 26422 21286 21018 23460 32713 5438 17053 22265 21360 17561 17377 31343 29573 17463 10165 8234 8939 6012 16316 32724 29940 5510 4973 7315 21378 26302 14173 20280 12397 173 10689 16570 26149 5138 22574 26850 2969 8497 12964 25927 16215 9837 28619 15485 11764 7449 26236 24970 22446 14476 8323 2969 22864 7027 2724 13811 15446 30572 26076 23594 4690 19152 24040 18071 24462 12495 26892 31495 6387 30659 21773 9650 14633 29118 9599 3693 12544 13157 10055 28192 14095 13570 23896 14457 15003 2516 10944 11746 32186 
19
24040 18865 6839 18608 279 24735 30905 22920 5177 892 29600 21916 5087 31265 15152 22451 29062 27301 11633 
16
24860 212 12373 24326 8128 10716 20124 24400 6090 14410 7157 30880 1547 1077 9318 2549 
