10
25
25408 22960 10915 31029 28334 14946 9176 20211 28576 24141 15381 4486 16457 29802 28092 31702 29125 17392 13175 27897 14754 29643 471 2890 22686 
87
1083 7611 24242 32024 8436 3948 28752 22893 2214 20860 28906 27781 21745 3871 14003 27730 31313 26608 11177 110 4419 9353 32723 15187 15018 6481 20679 13262 9072 11158 27248 21169 27504 11484 1294 10441 29588 116 9342 24847 22330 16208 31932 8994 5341 19989 32678 31221 10737 6514 30723 4805 9742 27825 21955 26703 31057 5771 3976 11839 512 20545 15718 4331 7532 6888 20711 7489 16412 1796 3667 25854 22823 6745 11054 13090 1250 18430 13825 25760 21179 11955 11102 14681 8805 4468 23582 
20
23606 15951 2285 18950 2253 22386 22281 12384 3063 12936 582 14954 1748 16966 28758 15779 9525 15936 2375 5483 
14
32002 31053 28090 20601 13404 16322 9745 4240 5117 12139 24753 9247 28227 17405 
21
14112 25426 28895 9337 31961 16996 19762 1067 23555 5472 16655 10084 9772 2733 6159 26342 24154 12616 7441 15019 21233 
25
9015 11989 3798 14706 8242 9448 26069 2066 15296 13623 8256 23049 30834 17564 2521 7459 22963 8812 26610 10106 11014 17066 6867 25415 19599 
48
28252 27897 10453 21722 24044 22404 14278 19853 20353 2812 13052 4184 2592 29026 24382 1648 27511 26046 3914 19506 8385 6509 17361 24853 26346 25533 3268 5086 5619 12215 4046 32531 31641 31804 22562 10673 18737 8788 21366 8225 6359 21954 8271 6505 19911 5084 4480 31904 
16
29849 2797 23204 855 4588 7061 12303 10545 31056 30928 870 32340 23460 16084 13204 2903 
75
6782 2711 16522 14379 16464 26746 17697 10989 21686 6787 16788 23847 10637 12973 10565 14531 29925 29528 18276 25925 25862 9024 4879 23388 13746 23980 3774 22199 10922 13032 14047 6682 4980 11508 17341 14769 15450 3198 17062 24484 28854 21006 19021 16107 29293 26497 20077 10340 2746 32184 22191 30243 6189 29329 7374 16649 15859 21270 22009 5272 6231 19957 11129 5381 6793 10801 9875 19343 31134 5654 5040 3344 18649 25202 8379 
87
11049 32258 15051 32163 15858 17707 28418 11052 8464 31210 21173 9598 16410 30734 14028 3310 16611 31141 10860 15395 15175 32692 4308 5741 7716 13099 20101 4184 26022 21015 20902 9858 1736 32026 31142 13993 13335 31000 8739 28424 24505 14644 21771 18404 7855 17659 26625 15202 20823 20190 2306 12187 13621 3814 32328 18162 17394 13731 7534 2726 933 2918 15830 9123 11346 4016 10824 5534 18096 11497 21979 12384 10288 21589 22553 11106 28730 5701 29790 8091 27322 2698 12417 21398 31707 7471 16054 
