10
28
3389 8056 2210 8576 32261 18059 6249 3954 22428 23993 15425 26625 235 19226 12662 25752 14782 19223 3932 6545 30234 11890 7486 17493 977 14727 17559 17604 
60
2257 29572 17879 21703 7855 890 22915 9819 32360 30772 3041 30936 30829 10992 12685 28025 3039 13787 30028 22525 337 13258 26865 7163 8911 10282 7553 29814 13599 9018 1685 22961 5702 30328 11520 31044 9551 3416 29874 29808 22343 15932 31196 22704 7564 10145 18773 1680 328 28054 30781 31426 6200 27507 24288 11631 14002 11719 31452 31691 
43
18578 15495 20460 19812 23989 17291 31452 21214 26534 20179 29933 19247 7272 25515 30796 27037 31931 28706 10713 12891 25488 27827 17462 18770 10687 16677 31006 7714 12796 28848 31993 6499 28936 20833 28845 12080 17956 21184 7606 31462 14283 6063 14457 
74
26784 26517 7381 11560 22694 15036 14588 6690 18095 26104 6785 554 17943 10634 20914 295 23729 10051 7975 8990 15618 1005 8091 12468 28845 14310 27131 9454 1839 21262 21437 12348 7372 14307 20339 27830 19913 4587 6560 10149 27100 2899 10186 25669 31713 1493 3536 31689 31182 23263 19838 32416 12521 26353 17503 15095 16953 25670 11218 3199 17210 22712 24416 22896 22229 6878 23885 24782 21134 12919 13677 15851 17408 6155 
98
17709 27270 6095 2082 7697 31036 23498 14118 15984 13606 24886 19104 11009 17326 23849 29540 8480 15700 21620 30731 3533 22689 27339 22412 30200 16732 11559 31245 13308 28673 23401 25592 11881 5487 30016 8016 27654 28385 3660 20294 10518 5663 11652 8711 20955 8694 15317 5337 1625 10981 17931 15974 2908 2073 5621 4951 19644 22684 26308 22821 21728 11465 14517 15148 23937 25603 2032 13826 23984 4774 27311 19718 14619 1086 23202 15932 29836 11767 11667 10328 5042 9557 326 22296 1060 28453 7843 10711 14755 15028 6166 18528 24479 23870 10039 6656 17405 8617 
95
13023 24344 16499 32057 11151 7430 5098 19290 5862 19484 23707 29610 2569 21684 10764 11755 27338 7725 15278 6940 30772 17716 28173 19941 16739 1858 2122 12854 32410 1894 32203 6188 143 20549 30769 26164 10761 14175 15754 13938 10157 1428 18120 25444 23061 2278 6771 18370 9763 29568 16282 13737 8085 11256 23823 26873 16857 29393 22740 30972 11042 324 3024 3400 3515 1343 24006 23014 19356 7855 23944 9907 28731 16891 10600 26119 31908 9168 15344 7829 14796 4644 28883 11410 1314 24181 22050 7706 19304 15698 7619 11983 9665 16157 17184 
24
19723 17935 14620 8344 22382 7548 13387 31461 29749 5721 25954 30940 6621 19707 14316 22058 23148 31777 26943 21023 20997 309 2991 30223 
29
30159 18945 6904 14494 635 32547 29284 13606 20156 30234 5777 22698 12881 26171 26064 15174 2998 32670 11563 7657 24558 7120 26186 16556 10112 26312 3224 29539 27840 
49
19873 5234 8015 29813 6334 29155 16613 32577 20981 16565 20302 9383 11291 7798 4019 31680 28219 20756 7963 8452 10300 14576 27697 22786 6845 10548 32328 19285 22084 6759 11676 27091 21912 27454 12507 22535 5995 9141 9188 26338 31548 28255 27598 30893 25980 15354 7212 24898 28400 
36
16783 5756 9046 24345 13645 17644 4939 21675 24193 7373 15724 15414 1107 27450 4796 31171 5498 21407 6726 25662 2303 15726 30723 16589 15427 18963 23293 2144 29251 26409 5813 11144 22555 20718 27586 18572 
