10
32
14137 25920 26273 18890 3420 21171 3321 20466 16280 23845 15469 15996 16782 8650 30000 19802 439 21054 27456 17960 12947 26905 14500 32096 12036 3267 1266 27597 32244 5258 17941 31810 
55
25585 32333 24971 23500 4171 7031 2212 15101 1161 23439 31529 12105 5969 23155 17934 12327 18256 11498 14480 26414 4560 11492 3947 32379 6029 23300 24654 11860 964 31067 22924 19978 27022 17271 10772 27684 2924 26524 9635 12729 16675 9553 31032 5406 28618 13598 969 8130 18465 23957 10036 19285 16164 22927 9592 
97
29920 29624 24101 20209 32134 31566 17 26469 16574 30245 845 16044 25405 13295 32599 14999 28314 9914 12689 10325 11101 9402 18418 11343 24922 30537 17404 26960 29245 23340 2542 8937 613 22040 28730 24340 9206 1396 25401 19223 14377 19041 28958 26539 31463 30456 21033 16478 27799 24786 16669 12854 3636 31950 14323 1431 9122 26638 25808 24422 28738 579 27445 19823 8644 32043 17781 29188 23868 1368 23149 4839 8824 26674 7023 3947 31121 23359 15999 469 7873 18594 26818 4104 8308 17634 23859 12130 9122 4589 920 24545 16987 21341 23477 8842 14500 
22
12479 12043 21377 7295 8467 11423 22099 27553 20008 29234 19044 16205 18626 4550 27841 18225 3433 13077 11848 14463 9498 375 
34
19181 15932 12551 13746 1793 20949 24321 12461 18827 10494 20847 29933 8307 22165 23045 11873 25780 31025 24649 7304 13737 22875 22263 16958 14728 14331 8355 18390 18220 24848 10144 17256 23831 22180 
54
23404 2487 10240 5022 30600 10472 18716 10361 29607 6843 32345 12514 2379 22389 12402 15864 25380 1243 15536 3120 3809 28845 5470 29179 16710 5233 18045 8611 8319 1649 12985 17014 2228 31751 7323 9511 32477 16664 20479 6001 17880 18655 32713 6909 18872 15340 11220 902 21857 10092 9003 16443 18002 12714 
33
21605 12993 30678 28361 17225 13805 30982 23649 29520 22192 12922 21007 19557 15443 20772 8337 5535 9639 7271 9803 22048 22097 32288 18237 15677 28262 19427 8499 21983 24632 13703 20539 2344 
32
31972 22364 13402 11355 23259 389 22005 8840 13719 20164 5664 10643 3091 16824 11850 4413 15068 8521 29713 6590 32281 662 2915 27996 21704 12079 995 22587 10570 15237 25998 12919 
79
24991 28830 12400 17914 29710 5294 3429 16870 32034 25376 17477 6381 24158 188 19137 32198 1066 23193 678 4063 456 8769 21866 22692 10633 21776 11780 11773 30017 21213 17665 7704 21240 18397 29397 18538 10722 28099 31855 18416 11154 26668 3600 4795 17770 16443 22620 29355 18006 17280 946 31611 3258 18975 28089 8701 20648 10286 25915 22695 24151 20062 22583 21839 21712 24030 10289 25651 15595 13180 6349 27708 3194 11790 3228 2180 27076 13328 1078 
18
17205 15502 5001 31988 3923 24389 16752 12126 18676 12293 1416 12881 31662 26969 22591 25678 29840 10858 
