10
35
24886 11017 17569 29205 7347 24284 394 4209 10132 23697 15513 5367 560 30842 14570 13852 18865 22885 18213 29376 28428 9152 21515 13931 23095 24576 17742 4822 19862 8259 6310 12973 7606 10547 31009 
28
4413 8750 16059 1383 32033 4261 3118 17605 28953 8898 32523 5840 2129 3406 9738 2095 12898 209 12702 342 2177 31227 4813 14855 758 28994 31807 1560 
14
11725 31125 24438 25560 16273 4348 20842 2755 25786 8961 10523 9132 24140 31911 
26
17601 30730 20406 28552 26940 18327 1367 20500 30869 26331 7902 32707 19957 11688 6375 15511 21487 11933 1188 14279 2155 31563 19317 6916 31970 29591 
66
29440 9937 9311 26085 9009 5223 31073 17619 18131 22913 18008 1116 9004 18649 27495 15144 3859 19834 6331 17605 29619 30840 30061 23799 19085 5853 11685 1359 15548 25574 11269 26879 18301 11120 581 13037 2542 28845 17690 2566 8214 27931 24413 10197 12070 31671 8297 15700 1790 17518 2501 6658 31987 15316 8195 18741 25552 19224 17127 6578 17690 13368 20684 17275 16281 1649 
69
8168 12051 14074 25343 10233 347 12785 2286 11499 23691 30614 29351 32521 31373 6583 27660 30405 24032 11627 8231 5127 17304 1283 15193 10181 30375 17982 30900 15316 26716 12476 7845 11518 12841 10421 11990 11092 25769 23019 19794 5317 18401 1757 8939 24048 28871 22590 16089 32055 20480 16549 15267 3093 7662 18566 11075 4785 18410 22113 3717 12723 17102 18233 23472 7766 26295 27464 22632 9406 
46
15089 19155 9357 16819 22518 17915 15281 25780 12011 5491 4991 16606 19691 3134 1030 6873 15753 15084 413 25452 1289 20742 2239 17400 2769 11692 31769 21573 2074 25469 10464 23937 20203 13239 25960 20102 32072 17567 32243 17756 28839 5924 25543 20991 3491 32703 
24
22114 12276 9885 24498 10163 22175 21248 10401 21729 24682 1507 4718 13916 27795 10205 20578 11036 13249 20039 9344 9956 27963 23457 3678 
53
5208 32562 23604 22765 8759 22511 21043 24720 4015 16030 23576 10057 13193 31547 32000 21137 20717 27035 29054 31875 27163 20815 14315 27359 11100 29899 29437 14164 567 7112 23195 19711 13543 7398 12016 24367 3597 10902 25023 15723 28835 26423 27126 10422 26673 1151 30085 3601 2371 29213 28016 19010 13850 
77
35 23252 7074 5515 9735 8287 31396 27099 21586 5641 4413 21384 21027 8781 14479 24956 25550 25851 2742 6320 16500 9856 9469 32148 1496 19560 23122 19633 7789 30497 27128 9868 19892 11522 3708 13006 22212 13963 30954 32419 28970 4079 3136 6752 32756 5071 27939 14952 16137 17225 14801 24400 23228 20273 32343 18753 9632 18078 14596 15006 24733 3753 797 19943 18755 1905 12754 25310 25183 611 881 26344 10956 28088 11482 31925 13964 
