10
38
2866 28881 8864 6751 11273 27396 30235 20721 3984 23549 15557 27506 17106 20266 31908 7902 4522 24715 8970 8023 11141 24166 28529 28534 1385 13116 1450 14815 7479 11259 27447 26904 557 28277 29685 29083 18094 13329 
87
553 16198 7361 15565 3682 13033 11828 9123 26515 24699 21324 7978 22479 32150 28626 13912 29505 4743 23657 19095 5056 22425 24256 32547 12964 30615 29196 12211 5336 23436 29622 14939 32049 25549 2128 8369 22782 12857 19662 17455 6881 27072 10227 16856 14301 1826 20489 12574 31407 14073 22741 18948 8546 19706 24010 13952 31006 16504 7293 4899 27713 21033 4953 25339 14000 16173 30868 31417 13424 9548 7521 9999 32368 31872 4456 4700 18857 18867 6771 11659 15465 28361 21610 8248 11756 15329 3457 
46
1069 9688 12976 28557 9211 17935 24676 5031 10063 1903 27508 28972 19933 9386 30294 26892 23529 23491 26259 11262 23388 31440 20088 19815 29463 10751 7950 32125 18567 5847 13901 11948 8058 25792 7565 10809 11313 1734 3133 22565 19382 26266 727 15956 5744 31961 
28
31470 244 16017 8796 15878 32542 1026 20352 1657 23905 19617 11435 9753 17499 1123 1174 20747 6828 11831 27132 15470 14601 6100 11342 4157 9356 31414 1191 
8
17230 11875 3842 8573 16184 20467 25515 3003 
39
719 25843 8842 15853 11961 5416 29269 14479 24333 2244 23035 18796 10054 18661 13173 17067 12483 14845 28601 13946 21964 23243 10718 19874 28112 28554 30080 27742 12016 28008 27750 6509 18626 14905 16226 23398 7246 5229 20089 
77
13661 14143 3140 866 26868 3888 12438 1344 15643 4788 32352 2599 32226 4907 8401 29330 9126 6674 25537 25101 28305 9851 19279 2122 23392 24250 20169 114 21865 2658 15053 15033 18908 26736 32430 9269 73 13765 26905 240 23650 30682 6137 11324 27907 24495 8087 13126 27759 22788 11526 32238 5597 6604 10174 31190 29747 17887 5767 31673 3601 31471 19353 19199 4881 22717 7169 2958 28237 22924 9798 31202 25122 3798 27725 11616 4404 
96
17530 21735 6322 23239 26136 8617 8156 30275 5371 21561 194 18190 12387 8164 28238 3580 10532 22597 15236 10383 8964 7444 10249 15214 17765 30783 21986 24850 32548 8764 19583 12483 16832 24733 11512 12739 30655 13029 31638 3785 14925 16794 8853 7600 2599 17307 4648 3953 4023 19892 8638 23631 9856 16496 5764 16465 14269 18478 29483 23541 10309 9079 29931 19747 23986 9103 25032 21600 7874 6986 3092 23108 21246 12321 12085 26926 26009 16773 2472 28470 20378 23156 22598 23651 3390 24905 5830 28959 663 31192 10628 20711 4986 19898 21632 11591 
37
12006 9130 7430 27627 18561 10333 29598 11860 20984 12329 11502 22658 30795 22741 16691 19733 29100 9636 30005 4611 28488 31192 31422 16187 24933 7285 30032 16521 16813 10567 14103 28346 22473 4902 18973 17408 11314 
34
6589 12184 7492 25337 20570 19625 19093 30648 15697 112 19076 1121 22315 17306 24085 1217 11800 6897 5884 9094 25241 827 9207 9543 29820 21599 14177 1221 32269 24522 15365 9329 12171 19985 
