10
41
13614 13977 159 17066 15200 30509 27308 4465 30604 23402 15601 16877 885 9691 16479 1952 22947 26546 32494 19439 26622 6413 2776 10369 12444 1657 17926 24808 27864 14260 15815 8067 26276 13240 28360 31138 31776 17908 1345 32492 363 
62
28012 22526 29880 14757 18491 14421 14501 6474 6218 10094 18633 24275 15123 25899 7308 16087 609 28025 11324 19518 519 24368 19549 13899 26065 19003 21312 10203 25531 10488 15575 11239 7777 2273 16583 15184 2999 9837 3775 22492 13306 49 9480 22651 23782 9547 30046 19152 29994 17152 19455 3564 21529 13732 11521 2653 8610 8378 7144 11111 31362 21085 
77
32145 9400 30175 9160 5732 26681 22959 25752 10607 24550 19584 14820 28302 22203 21927 5306 15724 1353 19653 10824 583 17254 5287 21305 28659 547 32106 30018 4898 8702 4579 10999 10978 31065 21566 7652 27239 7979 11748 18137 2059 19958 5795 2181 15763 29433 14089 22598 7604 15782 2576 26944 25302 17238 16897 3501 6935 2876 29842 17011 21907 5783 21073 6396 13539 14636 27974 29506 2787 22004 21204 17961 25016 21522 31969 22034 5650 
84
24119 8621 26287 19753 3625 28430 7457 11090 22393 12036 13264 25813 11897 10918 7490 30902 21105 12078 4250 9498 7745 11275 32607 5628 19527 30513 6271 27682 12675 11188 31892 12367 13305 22165 1893 1723 87 26076 21168 14016 17112 3558 22055 23254 26472 6401 18616 19649 9481 21814 10001 8713 22645 5222 868 19627 29189 29337 615 13326 31441 22162 10656 23096 29977 24743 25311 24898 7140 15311 22796 1289 17894 1277 4642 23847 28583 15532 27260 31522 12514 30395 21840 14562 
92
15484 1657 19305 28629 21768 27001 28094 13075 26581 2494 14378 12893 11658 20516 30631 12310 8977 14780 6550 30315 29422 27596 32688 11134 2256 18710 20543 12484 870 27741 5774 4523 30836 11302 18334 17793 16166 3004 32538 18577 13476 15734 2189 20623 12006 6716 2259 8246 4554 12872 23502 15919 14948 23338 31322 4917 13461 24335 31874 13175 28383 12610 3060 22333 24695 19443 23218 18127 21916 6968 29195 15763 22056 6481 28106 2165 23141 48 30637 25483 16929 13369 5912 23289 16901 19526 10507 13075 15138 23278 5202 7106 
94
23815 3579 13097 20653 29033 525 7048 16658 15861 29815 10336 10632 9686 28231 26328 10669 13575 19228 1375 12863 25877 31454 24211 29817 7975 2988 11105 23456 7995 4118 8302 17625 7346 13709 31414 26941 23567 7959 16244 11823 3580 22600 13121 20461 8078 29805 19583 6758 24521 11786 9464 9292 7783 6791 11971 16489 10197 17958 12392 6454 17023 19512 19523 10922 4429 16273 5934 3664 32621 30521 602 19868 6484 4964 7294 11903 30463 20132 28212 11833 7039 28510 30111 7791 28084 28027 1362 6269 11865 8287 2669 15117 3904 2335 
66
26089 20447 3310 1495 26637 780 13273 2051 21505 25093 16309 13919 28261 20659 12117 21693 27341 30512 512 16028 27344 5254 20257 28680 29532 28346 1601 5563 19532 1033 27443 26760 32317 24945 8846 22522 25245 17011 25185 18488 31236 24088 6945 26411 31944 1330 11494 23779 22988 30180 31959 23351 6040 2148 32483 20652 19375 6400 1971 17049 7196 21343 31452 4744 32591 17162 
85
13022 11815 19754 29751 3775 31824 30612 1938 10540 2767 8450 16833 14190 2267 3747 6861 15032 30447 29399 8232 23816 8221 20787 22684 5454 15781 25548 9346 22224 30918 26034 28212 20429 16084 26298 16069 31584 7051 3201 2799 2728 3491 25773 19532 26918 2468 11382 15049 24678 7932 12646 14937 7906 29519 12124 20710 9763 2062 20439 14477 25641 32331 11889 25098 31757 19660 1706 31601 485 7262 28391 20256 11752 15979 17595 3825 19155 29135 11876 24500 25483 27112 21913 14556 29699 
37
16259 27768 8544 5760 26121 27493 15707 10118 30288 6594 6375 21558 22658 18341 27156 18288 25807 8716 18740 6736 27058 12311 2364 23300 26486 12404 28525 30170 9464 27418 3635 13469 430 19258 18253 18466 10472 
75
14638 4126 2646 20037 7075 5434 15307 9416 20407 26986 10304 30109 9940 25210 12316 14885 9514 25322 7859 30706 17236 9467 6412 1147 29497 15370 27111 12564 27697 16413 20222 29469 618 22460 11148 23673 3465 5122 17420 30786 8852 21235 26435 24506 9487 7184 10368 7045 29541 11049 3875 9494 12938 7539 24412 7272 31967 29914 24629 1518 30806 26008 17107 9420 6102 8711 3832 17735 3041 6323 14541 2938 9844 22708 17375 
