10
45
24363 31841 24223 27381 19127 853 24380 20976 24456 23254 15645 6247 17431 31883 1049 28770 8604 28377 23251 30854 9335 21428 9791 24972 23503 22965 1633 2033 15481 17261 4184 21998 19227 30970 27036 426 12689 22487 10372 31663 17295 13561 7691 8602 13960 
88
27859 2327 4303 24393 4458 30477 5117 19924 16333 22294 9874 8516 14890 18226 223 14780 1258 3004 8483 31371 7151 32669 19188 23551 3354 21695 5600 20350 7185 14533 20309 10706 21311 12793 13246 1989 9756 18565 17135 24814 2222 20455 13251 15562 8272 25759 19203 15887 29106 29226 6538 30780 12321 21812 26023 17269 4616 28170 17347 654 20151 14158 8772 3942 10596 13550 19633 16758 11631 20310 10774 17065 32747 28389 15018 9838 27225 27550 6319 30476 694 9505 154 11575 5305 22233 9332 17888 
75
31862 20096 27217 390 23198 5918 24184 21834 32735 12783 10627 28653 20969 5690 11438 6282 31482 1678 7257 32207 19353 15273 3934 22528 25735 13977 6305 27711 15603 32289 7913 21770 22765 19294 26350 13317 17437 27050 947 12538 9397 19905 8469 27166 31396 10275 23716 14742 24333 30393 8371 29753 22519 22970 13739 1432 5190 12240 32165 3387 9194 15735 3639 24878 86 25510 7309 6589 31027 10674 28604 2683 22870 7791 19796 
94
22512 21656 5172 15892 10757 32369 31139 6944 18464 27818 7324 4996 15428 29831 25448 566 3109 318 22387 10697 5016 21665 29528 6708 25417 15100 5950 9173 30636 13889 5991 31670 23606 25698 6406 29966 3788 9471 12625 29707 14204 16961 31448 32206 2155 8454 5397 2488 23054 15422 16964 30692 22429 28564 6005 20724 20421 21842 29407 13073 32158 15230 11383 4141 24028 29769 13505 8587 25673 1451 5606 13442 9587 31815 2824 13438 18593 26004 8658 5703 22028 13630 6739 2182 13644 6602 30988 3461 28689 1146 32583 25142 3347 26736 
72
22135 5964 29973 13582 31380 9572 20412 14730 17933 30061 4227 3027 7066 28880 1658 23751 20077 11399 1800 12103 3255 14733 19594 19526 21357 22931 10300 15647 20300 27637 2909 16428 20251 9964 11150 27540 11056 28933 18044 29284 17973 28370 18622 16354 2860 6367 23553 23838 3249 28135 8290 21705 10623 5448 5403 2378 23094 1461 29794 12559 3164 1067 1678 27937 11937 3878 12412 11772 21095 2580 16689 23197 
66
15626 17088 28124 20283 31926 21102 32252 24475 3733 17429 25217 30695 7525 5318 27713 3431 20958 28850 25534 8044 25501 20555 16819 23954 13921 28838 21997 833 22393 11044 20572 3194 28541 28753 24682 10192 31805 27148 24203 2484 26359 2281 13334 1270 19149 211 30035 3209 32629 30966 25045 647 15411 29404 16138 30836 26372 11477 16656 17607 25628 925 30154 4518 31123 5945 
65
18674 7004 14114 25075 387 13174 22949 10545 20917 14950 8842 26791 11043 13284 15604 15355 9138 25557 3208 10829 20434 20345 31185 20749 4608 24294 24035 12559 911 12981 20799 20961 23209 507 25079 12124 29073 5243 29971 9593 21290 11545 22322 20070 28861 30866 16501 1753 25847 21611 20376 3237 26673 551 16482 27531 23029 6845 24896 11346 957 22089 3117 31257 30973 
47
9940 12781 14436 3692 28153 4247 29279 1999 4117 29367 6368 15079 23360 23319 7261 11229 596 13113 31259 30070 15696 31282 32684 3723 18682 21947 26551 953 2505 14726 13303 31065 22017 6350 26758 2482 11040 22066 3164 21358 21113 26051 4882 19531 14623 21852 5100 
84
32516 12082 29207 974 354 27307 23087 21814 25690 24436 14597 15979 24540 28366 3998 3560 21446 22312 18559 21174 26448 26099 29223 15583 14247 31666 734 25126 23000 5712 2477 15093 13296 21943 28846 27543 29025 11934 13446 11687 5800 16290 13615 28105 30765 31897 1019 29080 6251 9251 21205 6623 12624 13185 26826 5387 27879 19627 16329 5600 4404 17052 12199 25196 9056 16369 19046 20281 17942 15282 19895 31431 22316 12400 19901 23865 4230 18832 32020 79 12343 31462 13842 29588 
27
13958 10573 20697 13185 13526 21853 25825 1787 744 11235 20574 25499 19207 1994 13596 3142 2960 22732 17277 12590 12292 10296 15397 15021 16474 23283 14838 
