10
65 2
15 37 
86 17 
24 24 
70 64 
63 58 
65 39 
18 78 
71 58 
68 15 
66 46 
36 77 
86 13 
73 26 
20 72 
21 63 
13 27 
36 87 
28 38 
48 98 
70 76 
82 38 
5 51 
28 58 
95 75 
41 76 
49 4 
44 32 
99 76 
69 37 
5 98 
52 92 
62 24 
44 75 
0 99 
39 77 
85 4 
6 63 
28 53 
79 44 
95 62 
81 27 
80 38 
96 92 
5 13 
82 86 
45 26 
66 41 
3 84 
90 32 
73 72 
70 92 
34 10 
11 97 
71 2 
33 84 
20 77 
76 63 
81 76 
24 45 
66 66 
8 13 
40 21 
29 24 
69 95 
36 76 
17 5
37 56 85 89 8 
93 93 64 32 4 
25 74 54 61 67 
98 52 50 86 13 
43 85 15 93 66 
37 39 13 4 16 
91 27 20 80 14 
65 82 99 54 97 
9 97 78 43 75 
28 14 32 52 11 
15 92 55 26 25 
72 49 81 6 90 
95 19 56 96 86 
25 78 95 50 14 
71 35 15 70 92 
3 71 26 95 23 
83 6 83 13 79 
50 5
0 73 64 1 46 
41 77 63 58 57 
18 44 69 1 31 
91 96 56 0 90 
37 45 7 41 61 
63 52 62 15 57 
26 11 3 56 65 
72 33 14 4 59 
27 71 32 25 44 
94 2 22 79 22 
6 76 67 2 84 
16 24 22 40 34 
2 99 52 3 24 
60 9 79 36 18 
6 52 72 57 79 
75 72 56 66 1 
67 90 46 30 40 
82 21 73 66 81 
68 65 45 50 80 
30 51 10 23 23 
69 96 79 46 42 
26 42 64 42 86 
87 27 94 24 88 
45 40 97 45 31 
97 79 8 62 82 
25 53 20 55 78 
80 19 81 61 76 
73 32 12 50 40 
72 49 22 56 71 
76 6 57 47 62 
37 2 36 10 9 
42 12 14 72 30 
30 24 55 59 21 
65 40 58 89 1 
34 25 48 53 83 
13 94 82 13 12 
41 27 36 59 86 
20 23 35 39 3 
60 80 75 95 1 
48 35 24 8 57 
75 67 3 57 84 
70 73 76 43 97 
31 40 70 46 39 
37 37 6 45 52 
60 53 2 12 78 
93 77 1 1 94 
72 16 69 32 4 
16 66 43 85 91 
78 98 24 44 78 
76 1 0 24 56 
76 1
9 
56 
34 
72 
8 
68 
49 
78 
30 
34 
79 
49 
95 
45 
94 
60 
9 
22 
38 
30 
75 
18 
28 
72 
41 
77 
99 
40 
95 
42 
59 
43 
83 
80 
87 
59 
47 
61 
54 
84 
66 
5 
70 
27 
97 
69 
1 
27 
56 
53 
73 
60 
27 
34 
17 
21 
4 
12 
69 
74 
18 
87 
42 
58 
78 
93 
14 
5 
64 
63 
10 
70 
16 
7 
76 
83 
32 1
96 
64 
25 
25 
90 
73 
72 
53 
46 
26 
73 
15 
2 
85 
77 
37 
19 
11 
91 
98 
26 
3 
71 
88 
37 
28 
58 
72 
18 
12 
73 
46 
89 9
91 26 76 61 35 62 5 7 57 
88 15 82 0 58 84 67 16 4 
60 4 69 2 62 66 63 8 40 
38 43 62 96 6 34 83 47 41 
89 36 59 25 29 72 15 68 3 
99 9 69 47 56 71 92 36 55 
90 1 71 18 13 77 13 82 13 
30 94 58 40 92 88 72 47 87 
59 7 67 75 82 32 75 41 42 
99 12 76 2 21 29 28 54 84 
93 10 71 70 34 0 83 17 83 
54 34 50 18 77 21 73 26 63 
14 80 34 48 27 52 23 95 77 
88 30 56 80 16 2 44 86 9 
4 57 73 29 27 64 13 38 91 
24 50 85 37 21 25 89 77 1 
92 2 99 13 55 38 49 35 22 
99 9 15 40 5 66 16 5 66 
17 17 27 91 27 3 13 97 35 
32 92 21 41 92 27 4 28 59 
78 34 88 96 78 52 17 20 71 
48 9 74 17 36 85 5 27 18 
61 66 48 95 18 72 8 61 65 
54 19 87 92 56 4 91 16 80 
85 1 11 50 93 79 29 69 14 
50 22 49 76 12 38 78 54 36 
31 82 79 77 66 66 24 79 24 
52 8 50 48 73 39 4 74 93 
4 29 93 55 33 90 8 27 24 
19 74 46 95 84 52 97 95 61 
31 84 94 48 19 28 78 67 69 
74 77 91 72 62 18 48 46 60 
76 38 16 54 2 7 24 58 3 
2 13 9 27 52 93 80 13 93 
58 23 86 86 74 23 25 92 69 
68 33 6 3 26 45 19 10 95 
22 98 20 78 42 24 69 79 62 
84 20 99 33 23 20 37 20 34 
65 77 81 79 82 15 60 25 89 
7 6 20 73 84 80 62 68 83 
76 20 33 22 38 3 91 0 38 
47 67 2 80 32 50 99 76 22 
19 36 59 47 67 31 93 3 86 
16 84 29 13 60 97 99 45 86 
6 78 91 52 8 75 87 75 54 
81 46 1 33 31 79 90 74 1 
46 76 37 98 80 80 30 9 10 
78 1 69 64 79 2 32 11 37 
59 55 98 75 42 2 9 3 50 
52 55 1 96 34 2 60 1 39 
16 22 91 3 49 75 81 77 74 
38 74 7 52 81 72 9 65 51 
60 74 70 6 18 31 22 17 35 
84 90 50 83 28 74 24 93 62 
34 13 27 9 20 26 54 29 21 
56 57 87 19 41 73 24 66 22 
93 53 57 51 15 37 71 23 10 
37 29 58 73 60 38 56 96 79 
34 36 58 84 31 9 27 51 9 
19 63 35 76 37 99 73 84 10 
38 34 44 66 10 12 9 23 24 
87 45 14 81 48 7 55 82 2 
38 36 91 91 46 49 60 76 53 
89 28 49 58 95 93 71 18 11 
43 63 72 51 12 56 42 13 68 
40 52 31 7 71 37 5 59 8 
96 89 74 67 57 89 64 7 19 
0 52 96 44 38 33 40 91 30 
95 99 62 89 79 83 8 8 59 
1 64 4 5 1 47 97 35 52 
55 94 31 44 4 19 67 40 11 
68 72 93 73 13 39 68 40 16 
33 76 72 91 47 50 97 58 4 
40 16 53 85 91 19 70 45 96 
69 36 39 93 14 68 84 47 7 
46 30 98 89 24 49 89 28 47 
68 68 17 43 27 99 39 3 18 
31 66 35 94 31 29 97 86 93 
26 51 58 57 12 40 66 51 60 
13 45 92 87 68 92 53 51 73 
48 87 79 17 41 74 52 45 95 
56 57 12 6 1 59 71 12 21 
94 28 33 33 46 29 72 26 17 
79 81 58 65 14 70 52 89 98 
45 74 40 34 94 81 81 17 49 
64 64 34 3 1 85 44 94 45 
47 98 78 71 76 63 37 22 95 
37 29 10 76 7 68 4 99 21 
44 84 88 10 45 48 2 52 16 
35 7
79 97 3 2 59 43 6 
77 0 86 7 90 31 61 
44 45 67 33 91 40 95 
58 50 90 85 73 39 4 
47 1 88 5 54 2 42 
28 25 51 16 31 95 95 
91 38 23 98 48 52 30 
76 49 16 93 47 63 20 
30 28 43 47 89 44 39 
49 52 57 88 12 54 78 
90 64 19 19 39 98 89 
8 76 44 8 85 12 51 
0 58 10 70 91 24 18 
42 62 92 63 67 81 22 
83 83 21 36 14 96 32 
60 71 38 49 91 93 93 
42 60 65 12 8 69 21 
91 14 84 77 82 88 60 
7 42 49 5 56 44 39 
37 85 8 94 69 59 36 
36 44 63 32 3 86 48 
4 87 23 54 88 38 84 
19 95 5 30 88 51 21 
66 23 40 38 90 98 68 
58 78 94 73 57 29 53 
13 88 61 53 42 23 27 
74 92 64 84 94 48 28 
81 26 26 92 46 88 86 
21 1 87 99 3 71 22 
40 0 43 37 79 87 2 
60 15 75 59 17 92 18 
88 76 22 86 25 9 22 
19 67 38 43 72 47 54 
53 42 12 73 35 98 47 
21 35 54 74 0 82 52 
91 6
64 59 20 86 0 14 
6 33 51 84 2 50 
75 20 1 72 72 74 
13 0 62 62 67 50 
68 41 55 58 48 1 
28 59 79 36 53 72 
7 28 0 89 55 69 
72 84 21 72 33 85 
49 35 7 71 34 12 
97 72 99 87 74 42 
56 54 9 74 61 63 
69 30 42 92 83 14 
59 46 47 24 30 12 
17 69 43 81 0 13 
3 17 27 34 0 31 
12 40 55 15 37 17 
95 47 41 11 46 43 
95 40 82 17 45 70 
53 37 52 75 32 37 
57 36 96 88 83 62 
34 40 92 32 37 73 
17 1 57 56 54 85 
30 32 76 75 2 48 
69 10 55 54 9 20 
84 86 19 2 14 13 
20 74 90 7 57 49 
1 23 47 81 10 55 
6 42 51 88 66 59 
15 26 34 51 68 47 
90 93 28 36 76 96 
64 61 57 67 47 22 
33 40 52 6 64 48 
43 3 14 59 37 17 
2 4 50 76 74 22 
3 16 62 52 80 96 
38 54 63 79 52 69 
5 69 59 45 1 40 
33 25 67 52 11 31 
23 37 54 57 18 9 
4 3 8 70 21 25 
15 33 59 32 98 55 
24 80 94 58 59 20 
5 27 52 77 23 51 
12 12 18 48 60 3 
93 1 20 26 76 60 
35 42 66 7 13 41 
66 25 89 35 64 99 
37 9 55 39 18 4 
35 43 76 0 5 52 
18 30 68 57 34 15 
3 19 32 5 88 43 
19 75 7 6 67 8 
87 23 81 8 88 98 
64 74 22 64 17 53 
77 7 30 94 33 43 
10 5 96 22 76 52 
94 60 81 52 28 85 
74 73 64 63 27 0 
12 70 49 59 93 15 
98 81 29 41 94 90 
96 86 56 93 32 25 
27 21 23 38 50 5 
50 3 91 43 83 73 
59 22 10 99 68 34 
47 22 59 77 70 96 
12 48 61 39 68 23 
98 60 81 56 0 49 
28 57 64 71 0 66 
91 43 45 30 70 3 
15 44 73 76 28 56 
44 94 11 34 14 88 
18 63 23 72 63 39 
81 66 66 18 71 17 
14 93 25 85 1 0 
26 20 81 37 86 58 
77 56 38 98 87 85 
78 76 99 65 71 48 
31 85 5 52 60 14 
10 77 13 46 44 74 
60 27 47 25 26 33 
23 14 30 63 45 21 
4 73 87 11 17 32 
53 56 10 13 73 32 
26 95 62 68 74 83 
69 14 36 61 12 75 
38 84 79 83 95 86 
0 82 22 9 74 58 
93 94 17 41 89 12 
8 93 97 27 83 85 
7 65 75 69 58 4 
7 37 41 50 7 33 
25 6
12 81 1 71 58 48 
68 25 84 94 90 42 
59 19 47 98 68 96 
22 88 59 68 7 9 
92 91 23 22 51 29 
21 8 96 30 65 41 
51 5 24 26 22 47 
67 67 29 50 73 50 
17 22 94 87 48 98 
41 20 0 25 36 65 
42 26 7 22 9 50 
38 72 23 46 67 80 
30 49 75 82 83 27 
19 9 12 90 62 0 
87 7 6 96 7 44 
68 47 73 77 48 49 
14 76 12 20 0 86 
80 93 89 91 29 24 
5 49 46 57 66 4 
0 97 48 40 61 87 
92 59 3 4 23 96 
30 27 84 53 75 41 
30 33 62 55 51 5 
51 66 6 44 92 24 
6 84 79 59 26 3 
46 10
79 30 94 75 1 57 83 17 95 4 
16 30 22 56 99 11 7 76 56 13 
86 33 51 67 61 59 71 62 42 63 
84 1 98 58 19 38 34 32 25 98 
34 65 53 20 8 54 86 25 57 27 
60 12 38 3 94 57 74 68 44 58 
71 81 17 85 51 58 64 71 11 83 
50 72 26 48 39 80 7 19 39 13 
10 94 43 10 42 30 8 20 23 0 
34 99 14 83 32 39 50 90 75 23 
40 40 8 89 38 78 27 76 67 71 
18 47 46 93 21 90 73 55 67 70 
28 82 41 40 95 84 65 42 80 59 
66 14 24 54 26 23 79 58 32 52 
26 27 71 14 20 85 70 41 60 81 
90 72 19 90 33 6 97 33 4 96 
32 44 47 99 88 42 48 0 28 68 
37 18 73 62 22 59 61 73 38 19 
23 36 45 78 93 44 74 93 24 69 
49 51 7 73 64 4 47 15 66 97 
42 0 92 20 31 85 51 47 72 6 
1 52 41 80 15 60 65 9 64 1 
73 28 52 16 77 19 28 23 42 45 
91 13 85 59 8 75 6 90 14 55 
98 78 36 68 14 30 2 9 80 60 
63 61 0 74 46 83 89 97 78 21 
36 65 13 2 56 61 0 71 62 12 
20 58 55 63 49 34 3 37 22 7 
97 86 4 83 12 68 13 95 32 35 
92 34 50 69 40 66 4 64 46 96 
92 68 23 43 34 9 49 88 24 74 
5 80 46 85 77 69 46 93 82 53 
33 74 41 97 31 15 26 98 76 6 
57 10 40 12 64 49 36 46 77 0 
16 12 96 17 99 35 80 68 62 1 
70 10 97 96 33 88 12 55 8 42 
65 70 9 40 45 55 32 9 0 80 
35 47 12 83 95 86 69 24 35 92 
75 1 35 36 32 32 4 13 89 68 
10 62 38 85 78 56 68 5 93 35 
70 63 65 40 99 47 10 78 8 18 
4 25 57 96 91 24 89 87 26 57 
9 26 64 41 68 89 5 88 28 31 
69 63 4 89 66 97 58 61 70 39 
75 63 42 54 41 54 64 49 24 15 
68 0 49 65 59 85 66 32 28 13 
