10
18 4
29 72 73 44 
82 27 25 49 
69 46 68 81 
51 25 79 15 
87 47 98 83 
19 24 25 14 
68 13 10 36 
44 76 88 5 
26 78 97 14 
31 26 7 14 
19 47 31 88 
77 0 59 67 
48 7 50 59 
10 15 53 14 
34 46 16 87 
41 67 74 13 
32 43 25 87 
73 35 70 50 
76 6
60 56 47 26 90 20 
76 31 53 46 69 3 
62 29 98 65 5 30 
17 82 20 38 82 48 
39 90 92 60 79 54 
37 41 31 80 87 75 
81 39 97 95 74 76 
62 79 29 55 40 29 
57 49 64 27 65 60 
96 97 52 92 68 14 
58 85 25 24 61 72 
59 22 31 19 90 95 
83 87 20 9 57 12 
52 87 24 12 10 46 
70 88 41 78 94 39 
17 13 18 59 7 8 
6 21 22 12 65 80 
11 79 92 5 75 91 
3 85 11 3 33 32 
15 21 55 56 67 66 
97 93 20 40 63 60 
31 37 65 26 36 93 
94 74 36 14 58 57 
54 62 83 85 3 28 
84 60 4 67 91 31 
73 23 1 58 87 85 
55 29 98 73 7 31 
24 17 91 46 21 89 
5 56 87 62 68 85 
73 72 54 0 35 35 
83 70 8 63 85 80 
64 70 11 69 86 98 
43 61 12 72 83 35 
6 81 68 89 69 34 
58 83 74 89 91 29 
30 50 18 95 34 55 
73 57 93 92 42 44 
61 13 62 46 55 82 
91 10 11 47 56 88 
92 24 7 45 76 28 
18 70 43 4 45 53 
96 19 26 93 52 47 
46 51 33 42 55 37 
73 6 91 65 41 70 
84 65 16 46 56 95 
69 85 64 91 32 25 
35 88 58 62 80 70 
47 2 79 41 64 93 
91 19 55 9 82 27 
46 85 77 77 29 21 
12 15 19 12 0 73 
79 12 85 73 29 46 
46 50 20 95 90 98 
64 26 42 98 19 59 
89 45 31 43 31 55 
92 69 65 55 12 80 
39 71 74 34 78 39 
67 17 73 41 78 64 
83 99 27 88 91 53 
50 24 59 1 45 53 
17 80 23 82 31 22 
14 15 64 89 32 64 
95 82 82 76 88 25 
56 22 53 51 92 49 
27 40 32 79 33 38 
86 75 11 74 11 55 
87 85 75 59 36 8 
37 8 36 23 64 75 
88 0 28 13 53 86 
50 95 45 32 82 66 
38 24 72 89 3 7 
45 86 28 11 26 77 
87 86 37 42 56 81 
87 54 44 37 29 53 
26 69 75 99 50 8 
14 31 63 92 98 59 
83 2
7 77 
44 56 
15 85 
92 26 
16 52 
40 0 
5 72 
73 93 
95 30 
73 18 
54 88 
85 60 
78 23 
52 32 
43 40 
83 84 
19 97 
80 77 
70 54 
31 77 
86 84 
27 21 
88 11 
27 27 
26 31 
86 56 
23 12 
3 93 
84 30 
4 3 
5 37 
47 88 
95 53 
74 20 
3 42 
94 65 
59 95 
46 47 
91 1 
65 15 
54 49 
12 28 
38 1 
96 22 
46 3 
79 50 
27 42 
89 19 
53 59 
18 32 
42 55 
43 61 
47 42 
85 6 
82 27 
92 45 
48 12 
55 40 
31 8 
27 75 
7 72 
95 87 
1 35 
63 67 
8 57 
32 82 
63 26 
46 81 
94 50 
87 23 
45 28 
15 82 
2 20 
16 63 
55 73 
73 89 
78 95 
21 17 
71 80 
33 70 
71 1 
54 4 
58 71 
49 7
76 50 88 84 80 98 19 
33 13 40 79 61 8 24 
13 47 1 73 24 41 61 
96 68 11 24 9 87 61 
68 90 32 15 70 40 49 
72 3 47 91 54 13 10 
55 59 39 37 67 77 51 
6 90 54 43 20 80 15 
46 37 85 73 15 6 91 
85 46 26 18 92 78 73 
64 10 95 4 13 44 80 
11 1 19 68 97 99 12 
41 13 52 21 13 11 29 
61 4 96 25 90 82 78 
2 18 85 94 10 80 85 
35 12 97 44 67 13 58 
24 56 52 99 91 48 77 
77 69 61 22 68 60 20 
37 4 12 41 66 81 20 
46 40 16 77 15 1 28 
93 41 47 21 23 93 9 
96 49 60 86 79 54 53 
60 2 81 62 44 47 10 
90 65 41 95 23 74 87 
94 96 20 43 37 93 56 
17 37 21 21 10 84 32 
52 32 12 21 29 32 57 
54 29 77 10 11 44 19 
71 67 5 4 95 97 68 
73 71 67 96 97 2 24 
29 9 46 99 59 87 47 
38 71 89 87 52 57 40 
50 54 39 66 54 8 33 
23 2 7 98 47 70 26 
98 57 87 22 96 58 36 
86 90 73 0 11 18 29 
54 31 95 51 97 40 45 
58 74 64 1 45 70 90 
21 20 92 23 35 73 90 
39 79 48 71 37 41 28 
73 86 95 41 60 16 20 
11 83 61 10 36 33 4 
90 17 19 38 42 8 44 
62 54 30 12 66 57 31 
82 48 17 74 39 77 18 
4 84 23 48 59 76 13 
80 67 25 83 24 95 37 
87 20 92 50 31 40 59 
18 68 67 92 48 3 58 
72 10
69 58 94 90 52 2 83 72 92 16 
11 53 47 30 15 8 5 72 43 46 
10 56 4 6 9 37 38 35 1 15 
61 87 82 43 83 58 91 15 47 3 
65 9 61 36 90 12 58 16 63 73 
97 20 95 35 86 6 93 18 73 54 
35 13 98 5 8 95 36 16 43 90 
96 97 37 73 68 48 61 51 15 45 
6 20 50 8 1 53 68 44 24 50 
66 64 13 16 78 84 39 55 80 76 
5 8 17 82 48 44 44 72 96 63 
55 43 10 5 27 30 65 61 94 86 
45 3 40 11 63 95 43 23 6 94 
72 62 21 20 75 54 42 83 66 8 
51 7 60 58 91 71 79 18 43 79 
21 55 33 62 19 18 69 98 47 20 
42 34 58 50 91 55 80 69 99 77 
68 8 34 16 24 70 69 59 23 56 
79 40 47 43 72 78 87 29 62 10 
57 70 83 91 53 65 35 13 91 56 
34 68 48 4 72 66 51 92 95 92 
97 77 0 48 51 10 10 53 21 64 
67 59 14 69 37 74 94 13 56 1 
5 69 1 53 66 8 14 68 88 34 
30 91 7 27 56 83 22 11 71 83 
96 0 25 12 73 77 80 11 51 15 
16 3 68 34 22 27 9 20 28 10 
63 42 34 31 53 35 49 27 94 4 
78 21 13 19 61 46 2 54 55 57 
51 12 25 8 71 37 90 67 57 84 
2 57 48 22 71 45 57 50 0 11 
46 9 25 43 98 62 26 8 9 92 
79 89 18 86 48 80 46 0 0 80 
22 97 76 77 28 52 41 57 77 30 
85 65 35 12 42 48 13 13 19 23 
19 15 72 10 73 43 36 22 9 9 
18 28 9 65 77 45 29 2 15 14 
29 53 63 65 63 2 30 28 74 9 
59 87 31 47 22 13 27 34 95 79 
49 18 46 63 17 85 86 82 58 82 
99 52 23 46 52 61 76 27 92 33 
63 32 55 71 26 44 21 81 88 22 
15 71 70 10 21 30 74 30 3 43 
0 95 71 36 97 80 50 6 34 7 
2 65 54 16 67 19 58 27 28 87 
28 61 73 21 50 1 19 97 37 90 
48 61 17 45 76 50 54 49 46 31 
72 91 34 88 51 7 7 84 97 14 
45 99 76 14 1 97 51 75 84 19 
21 7 61 75 16 68 29 6 87 24 
12 5 38 61 38 91 52 39 75 94 
23 27 70 68 27 61 15 40 40 80 
64 81 38 68 33 98 18 68 52 2 
87 61 44 7 56 63 59 81 83 23 
58 80 58 48 40 74 34 98 87 66 
34 28 42 86 65 76 46 18 50 77 
67 65 6 96 53 87 67 11 52 95 
0 54 93 51 40 63 99 23 44 5 
4 26 23 99 7 67 1 85 30 62 
56 95 31 9 88 81 9 37 82 19 
4 25 49 10 8 55 85 86 86 72 
37 6 44 53 50 5 47 43 10 98 
38 99 20 54 40 38 10 20 94 26 
65 62 42 54 76 86 47 79 15 67 
19 76 49 13 37 14 60 22 58 27 
16 31 9 36 11 54 94 18 7 97 
49 90 52 51 28 19 52 22 10 19 
36 53 12 73 81 18 31 54 15 94 
36 19 40 52 69 26 68 56 93 34 
76 77 2 12 28 28 24 87 46 42 
80 48 95 56 86 63 28 62 96 25 
54 98 80 78 29 9 28 56 79 90 
9 5
75 42 96 13 20 
68 35 11 17 54 
63 74 53 88 97 
3 47 67 55 82 
93 4 60 89 92 
34 52 59 45 49 
80 44 27 89 65 
88 33 11 28 3 
57 14 17 16 81 
94 7
73 52 38 15 93 29 54 
14 23 32 7 91 6 41 
30 89 66 77 67 59 6 
54 97 81 66 82 58 19 
31 95 15 69 76 93 32 
73 64 33 86 18 13 81 
56 49 43 23 55 47 45 
71 70 19 11 75 62 36 
24 5 43 0 86 23 62 
26 9 10 15 9 40 25 
38 54 46 99 62 52 87 
60 86 38 21 12 76 1 
18 72 78 6 63 69 35 
46 22 38 42 8 23 69 
77 91 12 34 12 1 3 
43 47 42 0 59 78 49 
59 32 11 16 19 30 13 
11 56 6 87 91 83 55 
27 23 27 68 17 42 37 
35 78 78 51 60 93 85 
18 80 19 38 15 59 53 
98 79 12 72 35 70 17 
0 60 92 7 57 11 88 
66 50 36 54 44 39 6 
20 62 86 95 44 56 32 
63 64 18 57 61 6 59 
85 1 90 57 88 97 77 
97 37 83 63 16 46 99 
69 61 91 45 91 90 72 
9 31 34 39 89 79 57 
99 46 75 25 53 71 67 
14 85 98 39 77 69 88 
68 65 84 12 34 27 2 
55 74 43 69 18 67 2 
59 79 51 54 35 41 11 
40 9 39 67 5 70 79 
90 11 90 43 6 57 28 
43 6 30 4 0 33 49 
51 32 47 64 76 39 33 
51 0 90 6 48 15 6 
18 69 6 75 77 8 1 
70 42 61 90 11 17 0 
25 15 59 33 73 45 75 
1 74 7 96 15 52 56 
26 35 37 72 5 46 7 
43 61 51 37 57 27 43 
34 90 2 47 97 37 97 
14 70 6 64 36 5 24 
73 75 59 56 82 99 1 
44 72 69 0 27 38 40 
93 2 6 66 68 74 78 
26 12 38 19 36 28 19 
66 42 49 70 56 57 71 
95 24 20 69 64 50 96 
93 19 47 83 39 31 46 
47 20 40 61 69 66 98 
52 43 14 40 36 30 23 
93 88 12 25 59 9 16 
68 10 28 18 46 71 32 
1 70 45 72 40 98 24 
13 21 51 61 80 36 12 
41 79 96 5 45 74 89 
1 92 64 89 90 63 21 
84 99 14 50 58 49 16 
67 20 58 41 1 37 60 
78 48 14 54 53 31 8 
72 13 41 62 67 92 98 
50 27 75 66 40 44 74 
93 32 70 48 4 63 77 
1 35 50 15 34 56 2 
56 21 74 83 41 22 74 
34 4 37 86 88 67 34 
59 25 85 89 28 9 96 
85 47 34 41 94 28 6 
74 53 91 87 78 17 99 
16 50 32 16 5 6 64 
49 70 2 63 19 76 78 
88 0 24 19 38 15 64 
88 97 3 27 91 27 70 
85 37 25 64 43 45 43 
32 68 87 30 46 76 84 
91 54 83 59 18 20 54 
31 25 21 9 36 78 25 
16 88 84 64 72 23 21 
74 49 64 87 14 10 41 
40 46 62 1 46 33 76 
49 81 49 21 89 28 0 
54 59 53 97 86 51 92 
2 53 17 32 72 29 85 
99 41 15 46 25 89 97 
41 32 12 7 14 95 15 
59 51 72 45 14 3 93 
32 60 98 82 72 27 76 
71 75 23 79 57 17 92 
94 4
54 96 20 49 
74 18 71 69 
21 48 38 80 
71 97 6 92 
13 74 16 63 
13 90 42 38 
74 47 50 35 
40 16 89 92 
34 47 23 5 
24 23 21 95 
15 43 38 82 
55 4 47 24 
33 9 85 7 
29 31 73 21 
2 98 69 78 
27 51 60 62 
56 23 32 75 
58 90 79 21 
14 80 72 40 
93 2 26 54 
28 56 57 26 
46 33 75 24 
98 83 74 38 
57 93 77 50 
25 3 96 40 
95 49 40 79 
78 71 58 91 
40 15 23 66 
1 19 12 67 
9 8 2 42 
7 23 32 66 
28 35 64 47 
84 48 64 16 
79 94 54 20 
74 9 82 3 
77 99 2 95 
68 14 30 84 
61 65 61 21 
53 45 43 51 
32 92 21 35 
86 92 46 87 
47 80 80 53 
43 29 58 20 
39 35 71 35 
87 98 91 27 
96 71 68 59 
59 93 44 54 
18 45 4 80 
55 53 24 77 
91 24 29 2 
33 43 40 17 
19 66 94 60 
83 78 7 21 
2 22 94 41 
98 51 29 1 
58 1 81 35 
90 58 41 77 
90 33 63 47 
99 47 7 8 
36 33 47 99 
95 71 86 94 
24 10 57 6 
9 20 99 24 
15 96 0 72 
31 12 72 48 
21 15 89 52 
37 10 38 43 
99 67 54 68 
65 99 41 74 
30 88 88 48 
9 7 82 93 
9 94 65 19 
28 30 95 22 
11 3 99 0 
16 80 83 7 
71 96 55 39 
77 40 78 28 
47 3 39 9 
89 69 75 78 
86 88 89 20 
66 8 17 67 
17 91 33 1 
16 83 17 92 
45 44 11 63 
92 42 38 93 
55 64 38 23 
14 68 72 89 
80 97 2 6 
8 51 78 23 
51 38 47 9 
84 25 20 90 
33 96 88 85 
6 0 62 41 
0 10 2 72 
88 1
35 
0 
15 
69 
86 
98 
24 
9 
18 
93 
48 
25 
78 
69 
17 
89 
0 
96 
6 
95 
12 
34 
26 
53 
20 
48 
7 
37 
57 
60 
54 
71 
86 
59 
8 
17 
67 
0 
54 
81 
73 
91 
32 
34 
12 
12 
10 
36 
65 
75 
25 
17 
49 
23 
33 
88 
18 
26 
35 
73 
16 
81 
68 
29 
87 
20 
34 
8 
27 
72 
19 
4 
83 
31 
24 
72 
54 
56 
4 
36 
59 
31 
41 
31 
21 
55 
46 
98 
60 1
94 
39 
39 
77 
23 
38 
60 
34 
22 
78 
88 
22 
75 
0 
48 
94 
96 
39 
89 
71 
47 
76 
87 
36 
67 
32 
62 
17 
62 
61 
10 
94 
88 
86 
3 
78 
19 
85 
95 
24 
28 
52 
64 
49 
53 
28 
5 
36 
79 
36 
47 
46 
58 
17 
19 
30 
66 
12 
54 
84 
