10
21 3
25 68 87 
70 94 0 
36 1 21 
90 39 27 
75 63 29 
40 18 3 
14 96 34 
71 28 5 
77 89 3 
53 44 13 
19 56 88 
53 53 27 
10 53 77 
79 19 25 
7 36 7 
68 65 37 
66 47 33 
43 27 25 
48 80 64 
28 17 53 
2 7 10 
48 6
29 92 63 22 26 77 
76 18 13 51 14 69 
38 46 91 73 81 2 
1 32 42 70 2 9 
10 12 78 71 59 14 
55 41 59 4 1 50 
82 64 25 14 93 14 
92 97 57 72 87 48 
77 0 29 25 55 91 
67 54 1 86 43 90 
35 83 9 79 55 47 
6 58 85 73 13 63 
16 93 38 4 77 18 
65 58 91 89 96 95 
59 83 60 6 44 33 
9 42 37 9 96 12 
45 23 49 91 99 9 
57 50 88 37 65 81 
46 57 24 32 55 19 
45 73 49 17 57 94 
35 59 72 98 63 51 
61 68 41 94 43 68 
17 12 24 91 28 80 
25 33 49 37 20 93 
25 27 26 35 87 35 
89 48 50 60 3 27 
47 7 35 67 3 38 
75 90 33 58 79 56 
68 10 9 7 32 38 
66 97 65 69 92 38 
32 47 13 87 81 18 
50 19 84 43 47 62 
72 56 70 68 40 27 
38 19 92 73 50 95 
40 11 98 88 27 53 
77 81 43 38 76 64 
68 68 98 73 38 96 
77 64 38 99 31 22 
98 2 76 7 0 27 
24 69 89 14 79 11 
44 43 85 40 46 56 
51 90 35 65 43 98 
69 38 64 10 42 41 
0 20 96 4 62 49 
40 53 41 78 88 1 
58 33 26 54 59 7 
64 57 97 37 22 50 
84 17 72 12 40 70 
6 1
22 
75 
24 
22 
51 
95 
41 6
60 49 47 1 47 22 
7 19 88 15 85 32 
35 73 17 51 98 26 
10 32 58 38 33 73 
91 42 4 13 92 31 
49 85 7 86 44 46 
8 3 97 30 32 43 
97 74 41 63 56 48 
32 6 36 12 98 6 
12 40 67 89 90 8 
56 65 25 19 87 74 
18 68 36 99 26 27 
54 16 56 16 14 62 
92 76 43 11 11 37 
59 92 76 25 57 97 
36 38 72 36 81 48 
75 40 44 70 41 22 
0 38 98 0 47 88 
79 22 59 88 31 75 
59 31 70 10 79 67 
70 88 61 38 60 76 
42 90 88 24 28 61 
64 21 49 10 14 78 
20 94 19 60 42 25 
63 46 32 50 47 67 
20 56 94 1 81 81 
95 13 82 7 85 78 
9 17 32 99 12 45 
19 39 60 44 3 47 
74 81 51 43 23 89 
29 68 46 2 52 13 
47 7 13 72 27 87 
99 31 23 18 30 24 
80 29 48 53 52 76 
30 23 1 32 16 38 
14 82 16 76 59 70 
44 18 9 28 39 0 
15 72 33 22 6 12 
37 57 27 70 34 35 
74 7 53 17 57 16 
18 75 26 27 61 51 
39 5
79 87 82 91 21 
77 68 21 36 40 
62 19 86 88 72 
30 24 45 75 17 
48 24 53 83 88 
47 44 29 80 46 
11 27 5 33 78 
14 98 11 25 77 
28 12 91 62 0 
4 87 20 68 52 
4 94 50 96 85 
7 35 57 18 27 
72 11 58 9 9 
15 9 51 67 3 
69 41 68 46 25 
98 96 82 24 7 
90 39 4 58 52 
18 96 78 7 49 
98 3 34 57 39 
0 20 73 56 91 
16 17 6 33 61 
30 64 91 14 64 
19 44 59 66 18 
0 69 65 80 8 
91 19 31 99 81 
53 30 97 9 55 
61 30 56 43 51 
89 14 97 72 73 
13 53 57 39 15 
37 92 17 42 77 
80 99 51 36 33 
1 58 69 23 80 
85 90 33 28 87 
35 72 36 44 54 
45 44 18 45 36 
48 69 37 1 41 
66 54 20 34 24 
48 79 95 29 64 
27 20 0 81 48 
89 1
40 
17 
20 
6 
22 
48 
75 
36 
1 
37 
18 
78 
94 
85 
72 
30 
25 
72 
84 
54 
49 
87 
1 
49 
62 
96 
7 
45 
80 
47 
43 
21 
34 
18 
3 
1 
67 
39 
75 
72 
40 
61 
83 
69 
78 
52 
82 
13 
45 
60 
74 
92 
77 
96 
49 
98 
80 
3 
47 
52 
16 
36 
69 
47 
54 
87 
38 
64 
67 
80 
88 
49 
10 
18 
93 
79 
43 
74 
11 
16 
67 
21 
48 
63 
15 
86 
34 
17 
65 
70 6
95 60 53 6 45 31 
89 29 77 10 97 62 
84 88 5 53 84 16 
23 70 67 1 77 38 
98 56 29 87 98 89 
32 93 51 32 36 34 
39 94 34 31 89 62 
80 81 85 77 67 23 
35 38 35 72 49 57 
61 27 38 74 70 77 
28 89 10 15 79 61 
23 1 71 29 15 26 
30 69 87 96 15 13 
63 79 20 27 14 69 
3 3 94 52 31 19 
11 76 48 60 70 23 
68 54 81 26 80 55 
9 40 32 54 76 0 
94 21 68 52 76 13 
60 81 92 70 74 38 
64 87 61 59 26 62 
63 60 25 63 78 30 
92 13 74 26 70 50 
66 18 3 24 76 27 
71 40 10 95 41 82 
19 59 97 85 56 72 
85 48 23 19 24 21 
14 73 92 77 84 52 
61 4 45 48 10 6 
26 8 20 90 94 73 
61 59 59 47 67 29 
1 61 41 65 29 80 
13 34 88 47 19 81 
61 42 25 40 33 86 
43 12 74 87 76 65 
78 45 57 17 44 52 
18 51 30 11 31 89 
13 79 85 57 98 83 
74 56 79 71 93 27 
82 6 16 49 24 72 
66 5 92 8 21 65 
68 40 65 24 13 78 
51 24 87 35 4 87 
43 51 12 55 57 36 
69 11 8 10 8 85 
64 26 59 96 34 66 
72 75 77 5 33 3 
16 50 56 3 79 54 
41 2 84 53 14 0 
31 54 30 18 63 75 
81 48 30 3 63 40 
98 90 18 77 98 53 
86 16 5 55 55 85 
1 30 77 21 15 30 
15 2 20 59 28 84 
95 13 23 99 74 1 
61 13 14 90 61 33 
43 12 31 8 11 56 
15 27 77 76 96 12 
65 58 12 38 94 71 
22 24 52 72 52 21 
64 45 10 69 73 44 
86 66 68 0 44 29 
65 54 29 43 19 56 
92 84 58 16 57 75 
0 36 13 98 47 4 
33 63 48 11 73 74 
34 33 44 25 49 84 
14 82 97 53 13 16 
48 26 0 28 55 58 
58 8
6 80 41 74 26 64 97 99 
59 94 55 7 23 41 5 89 
10 19 69 72 2 57 6 79 
6 21 62 9 10 66 12 4 
24 84 16 5 98 41 61 35 
79 44 35 25 95 23 97 30 
87 78 76 25 40 10 36 38 
46 3 27 73 16 97 48 45 
87 16 33 82 44 99 68 67 
69 95 66 27 42 37 73 16 
72 57 76 72 39 23 29 52 
9 14 82 10 94 11 11 79 
5 64 82 77 70 66 16 89 
10 36 39 25 16 77 9 44 
66 4 52 58 55 13 90 81 
77 23 59 88 31 4 73 19 
39 4 68 43 54 46 29 23 
60 43 23 11 5 40 72 5 
55 18 61 69 16 0 94 42 
24 77 96 85 46 39 95 99 
70 59 34 71 99 38 88 17 
1 7 26 54 30 58 87 51 
8 20 67 44 43 36 30 82 
33 50 3 27 93 54 32 89 
20 47 65 37 81 52 65 49 
88 14 95 65 73 71 1 95 
10 19 73 24 90 49 49 9 
35 0 32 49 55 51 93 17 
98 98 84 90 35 98 55 25 
28 62 19 5 19 83 19 12 
91 73 23 35 14 99 25 27 
48 36 44 32 84 7 46 69 
29 32 24 60 3 53 43 12 
15 4 61 40 53 37 72 74 
1 26 38 44 36 17 22 1 
71 90 71 35 27 98 14 99 
20 59 56 22 84 36 40 39 
88 84 26 20 53 14 13 10 
70 16 78 31 38 4 29 22 
16 78 20 94 66 7 82 51 
90 2 29 93 82 65 47 29 
99 26 89 5 37 62 86 47 
12 93 74 21 41 32 26 79 
47 4 71 89 16 84 21 31 
13 8 63 71 97 62 19 66 
20 77 71 97 15 33 26 41 
22 31 3 49 62 41 48 19 
8 91 82 17 22 83 28 77 
40 42 17 31 29 20 10 30 
71 39 96 46 69 83 89 5 
44 52 45 31 16 74 24 54 
27 16 46 13 94 93 22 16 
7 24 28 93 10 67 53 30 
20 62 95 12 73 71 29 86 
70 72 87 92 18 13 69 20 
80 43 2 94 77 42 84 73 
98 26 3 54 73 3 14 1 
19 55 44 65 73 58 15 20 
44 2
61 66 
82 72 
28 54 
91 52 
92 19 
47 93 
14 3 
12 71 
95 25 
44 60 
13 40 
65 41 
89 91 
44 76 
46 7 
90 86 
68 40 
55 40 
65 15 
37 47 
0 96 
81 48 
3 18 
0 73 
91 59 
88 45 
61 5 
76 2 
51 17 
94 93 
44 12 
48 2 
88 3 
81 5 
35 28 
72 83 
51 73 
17 5 
4 94 
27 62 
56 22 
34 99 
59 19 
13 68 
62 9
63 13 85 22 6 62 36 61 4 
26 54 39 69 70 45 47 96 41 
88 36 70 91 29 24 40 98 34 
95 61 93 85 35 55 43 6 90 
36 78 73 65 68 1 92 66 49 
34 53 57 23 96 88 75 93 28 
55 89 0 58 67 43 10 79 99 
74 78 29 67 58 58 46 30 8 
81 60 74 81 82 60 24 55 37 
18 91 72 76 32 22 47 4 95 
34 34 42 86 24 5 0 17 51 
72 8 17 80 97 51 40 91 50 
54 80 77 70 37 86 10 13 44 
49 53 12 10 96 30 68 47 60 
48 49 25 56 98 32 39 28 71 
80 18 13 48 7 32 49 73 8 
97 54 81 84 39 5 85 40 41 
19 44 5 71 64 70 65 21 1 
42 68 17 4 22 21 55 19 48 
75 67 8 15 24 16 76 31 61 
55 53 57 65 85 22 87 2 37 
81 62 65 89 74 5 6 24 87 
29 93 64 37 81 7 25 54 80 
47 26 77 76 50 30 97 86 33 
29 70 95 43 17 16 38 34 27 
69 63 66 26 5 29 15 50 49 
59 86 53 97 16 87 26 17 93 
85 90 57 28 67 27 27 98 38 
3 61 84 35 69 15 89 94 37 
12 98 15 50 5 24 52 83 5 
14 63 18 95 46 30 37 44 46 
72 30 96 10 61 99 91 28 12 
77 12 10 36 20 74 83 2 30 
26 69 78 27 0 39 40 62 13 
59 71 93 55 8 90 90 18 71 
15 24 4 71 86 49 28 12 96 
87 81 45 63 92 35 16 26 45 
20 30 29 88 73 10 98 29 39 
95 52 56 34 82 29 17 82 88 
20 47 35 32 36 97 43 48 94 
66 94 41 95 17 27 64 82 25 
48 38 22 61 30 91 91 10 22 
99 25 27 62 96 94 97 76 8 
54 96 52 95 72 54 33 12 2 
35 31 28 99 65 50 69 84 93 
16 87 89 65 30 33 26 23 68 
51 61 62 29 28 5 75 62 2 
48 51 86 87 1 7 1 51 93 
36 58 23 87 73 75 52 5 37 
12 89 9 21 40 84 88 98 40 
71 38 74 4 86 90 53 55 17 
67 25 52 64 51 63 22 9 95 
1 33 57 43 71 54 62 52 53 
10 0 87 64 30 10 63 85 1 
43 6 56 44 72 72 94 94 44 
5 36 28 95 68 57 71 51 20 
77 82 1 58 0 57 10 79 18 
18 41 91 12 94 40 85 88 67 
17 21 4 17 7 4 44 33 68 
59 5 93 22 95 1 54 17 91 
92 18 99 66 47 98 47 19 12 
43 86 94 73 34 39 41 25 98 
