10
24 1
89 
31 
34 
97 
7 
72 
80 
21 
73 
34 
78 
6 
99 
34 
79 
98 
48 
60 
61 
76 
81 
85 
31 
64 
18 8
28 70 77 81 82 8 50 29 
40 9 89 80 48 12 18 72 
83 16 36 36 40 39 16 87 
48 94 76 35 42 77 94 41 
18 52 32 47 14 81 6 83 
90 39 71 18 16 2 28 21 
10 39 91 82 2 94 38 31 
18 55 94 50 10 6 87 88 
50 27 93 68 40 72 69 70 
38 80 8 5 48 28 91 44 
65 3 7 72 30 68 99 26 
27 83 88 99 53 11 37 5 
83 38 15 76 1 25 62 13 
74 88 81 57 88 10 34 9 
26 4 49 64 37 11 59 19 
63 5 70 76 76 8 59 69 
9 39 43 27 47 72 82 80 
84 27 97 18 1 55 62 69 
100 1
41 
80 
49 
68 
85 
99 
46 
86 
71 
7 
31 
60 
46 
35 
53 
12 
12 
6 
16 
65 
0 
84 
90 
60 
17 
93 
93 
57 
50 
19 
94 
24 
30 
4 
80 
66 
17 
36 
64 
26 
84 
12 
87 
25 
26 
71 
69 
45 
83 
27 
23 
40 
61 
84 
43 
92 
60 
81 
93 
30 
82 
63 
82 
20 
89 
78 
85 
19 
72 
9 
34 
29 
88 
1 
26 
9 
2 
21 
82 
0 
71 
33 
71 
56 
16 
80 
94 
60 
72 
10 
42 
7 
84 
54 
3 
8 
45 
8 
40 
29 
71 3
6 66 92 
52 50 37 
22 78 44 
36 17 57 
74 58 26 
21 93 6 
50 37 63 
8 54 87 
24 1 83 
29 68 81 
10 40 97 
15 87 69 
5 57 3 
9 12 16 
21 1 99 
42 23 97 
23 38 88 
45 63 73 
96 70 51 
14 82 70 
43 19 93 
50 56 22 
98 14 25 
0 5 26 
36 77 34 
20 58 92 
14 15 32 
74 2 78 
64 61 27 
55 19 1 
75 86 20 
35 99 96 
29 68 1 
49 53 56 
95 54 34 
55 73 39 
47 44 48 
52 0 64 
95 13 37 
53 31 71 
96 16 53 
29 35 40 
43 51 30 
41 63 94 
84 27 14 
64 56 26 
5 37 78 
89 12 38 
7 61 0 
49 33 45 
3 29 47 
21 97 11 
8 71 85 
30 38 28 
76 31 32 
6 10 68 
88 97 91 
26 79 4 
3 76 30 
90 37 50 
90 25 79 
14 38 42 
15 9 75 
13 26 25 
64 23 90 
38 88 41 
38 59 41 
86 82 10 
58 17 88 
83 47 8 
49 8 91 
66 2
88 66 
11 34 
90 84 
4 38 
9 50 
52 10 
54 28 
59 26 
8 62 
39 87 
22 43 
12 48 
17 99 
82 72 
8 36 
89 19 
66 63 
30 43 
19 72 
72 68 
33 7 
48 3 
12 76 
18 47 
95 1 
77 38 
93 39 
25 99 
20 30 
10 31 
65 41 
76 89 
65 90 
37 85 
54 17 
95 5 
21 43 
11 87 
6 40 
84 9 
48 1 
24 58 
76 36 
43 64 
8 81 
62 78 
56 70 
23 8 
51 41 
74 29 
50 20 
71 8 
49 62 
12 42 
95 40 
18 31 
72 38 
71 59 
89 7 
44 43 
75 22 
44 52 
16 71 
82 15 
3 46 
83 34 
21 9
53 50 34 72 29 69 60 16 64 
38 50 24 16 14 46 73 54 9 
95 63 65 50 77 73 57 23 41 
59 80 49 10 29 13 6 39 77 
0 96 51 89 18 29 43 67 89 
51 87 36 22 10 88 70 36 95 
99 86 72 52 66 10 15 81 55 
43 43 93 69 81 10 6 39 93 
99 77 22 7 59 21 46 50 83 
33 12 49 7 32 39 3 38 25 
89 85 43 28 55 27 19 35 11 
88 75 40 60 13 77 30 71 53 
66 1 89 50 59 71 13 35 96 
65 12 37 52 47 66 78 51 43 
38 88 40 63 93 30 47 29 47 
18 42 7 54 7 18 59 71 83 
56 28 74 96 92 85 62 10 30 
89 65 40 0 40 61 88 24 18 
59 12 18 62 23 54 3 4 76 
42 26 82 81 19 71 11 92 31 
87 44 62 96 76 36 67 27 22 
88 1
66 
41 
11 
26 
28 
11 
18 
8 
23 
92 
90 
56 
31 
72 
86 
34 
37 
48 
4 
78 
74 
73 
84 
47 
85 
14 
76 
27 
59 
81 
11 
85 
42 
48 
63 
61 
47 
59 
2 
51 
4 
56 
9 
58 
4 
38 
44 
2 
1 
23 
32 
16 
88 
50 
70 
77 
51 
84 
4 
82 
20 
12 
97 
6 
24 
88 
69 
4 
34 
58 
74 
27 
60 
1 
76 
55 
67 
81 
20 
94 
91 
48 
59 
38 
5 
17 
25 
77 
46 6
92 79 62 57 17 70 
64 27 62 12 15 80 
17 8 37 13 16 34 
18 56 29 72 67 30 
24 89 53 79 63 66 
70 30 85 74 33 90 
6 6 66 79 86 80 
56 29 75 27 94 69 
93 91 91 25 20 99 
9 31 4 56 61 44 
52 56 48 23 67 39 
17 88 16 4 14 81 
56 88 48 80 14 42 
43 65 14 3 16 18 
56 60 41 93 54 4 
55 20 21 55 10 52 
97 23 94 2 96 19 
76 89 29 89 87 78 
55 12 76 48 55 57 
59 69 66 9 39 52 
67 44 96 55 58 0 
8 60 76 49 45 82 
82 64 68 47 0 18 
96 71 81 50 65 56 
73 85 15 12 30 21 
96 26 11 32 8 64 
34 22 6 73 75 89 
48 50 69 81 90 83 
78 51 69 79 62 38 
70 7 28 96 80 87 
55 36 14 54 93 68 
16 69 85 46 20 41 
43 28 48 32 42 73 
23 44 38 44 61 54 
26 47 95 10 19 44 
46 40 5 23 18 27 
29 65 74 56 37 59 
47 65 4 57 90 86 
77 72 61 35 33 34 
28 55 58 45 60 61 
55 32 41 14 33 77 
13 58 9 78 8 54 
31 77 97 65 49 49 
80 77 37 39 18 76 
90 64 26 8 38 29 
5 72 87 33 57 92 
52 3
17 47 30 
7 68 22 
46 76 67 
48 83 18 
96 72 82 
93 88 75 
78 59 7 
79 29 22 
15 78 4 
73 18 91 
62 43 0 
42 63 69 
44 62 40 
29 1 76 
17 30 77 
9 25 86 
49 28 69 
85 92 65 
23 45 56 
1 1 51 
80 3 91 
87 13 82 
18 50 19 
8 65 67 
24 95 99 
88 62 62 
38 27 92 
82 78 93 
31 5 70 
8 14 11 
52 79 0 
83 22 62 
23 93 47 
25 13 97 
34 86 10 
6 23 45 
57 72 16 
23 92 70 
94 4 9 
73 72 89 
87 5 34 
82 32 29 
62 73 80 
85 43 35 
73 5 15 
75 85 29 
19 96 33 
19 12 6 
39 48 48 
24 42 75 
29 92 25 
27 65 27 
62 6
75 15 47 87 73 10 
85 76 63 17 87 36 
27 49 58 55 1 40 
8 56 9 32 79 28 
58 79 90 76 5 94 
76 6 50 48 72 51 
79 17 28 58 95 24 
38 86 60 88 68 63 
84 46 83 22 88 20 
34 12 38 44 64 74 
89 8 59 10 35 92 
19 80 38 73 82 34 
50 73 77 92 6 78 
31 1 20 11 72 90 
70 93 53 47 3 10 
42 59 22 4 28 23 
29 32 64 64 8 37 
95 93 25 95 56 22 
92 94 79 27 58 48 
91 95 47 34 15 89 
46 90 32 56 88 62 
34 21 29 43 3 13 
85 13 12 91 7 54 
42 92 86 89 12 2 
2 96 12 22 18 67 
63 93 81 63 97 13 
73 11 88 83 18 66 
44 56 73 17 7 88 
41 10 89 10 98 26 
95 58 83 59 15 79 
91 0 43 93 16 33 
11 57 76 18 8 94 
5 64 47 77 79 10 
25 48 63 48 28 32 
9 17 90 30 86 1 
5 58 11 82 62 83 
83 69 65 78 31 99 
37 6 90 33 84 43 
55 31 6 70 64 15 
43 37 46 82 58 92 
58 47 92 2 2 41 
96 31 32 97 67 78 
83 83 55 11 60 29 
48 12 26 64 95 91 
93 88 99 90 3 86 
64 14 32 84 9 49 
24 15 17 11 78 75 
6 82 15 36 74 33 
95 37 9 90 60 70 
94 84 25 70 6 43 
20 40 66 77 67 60 
37 45 79 90 97 62 
23 87 84 2 56 81 
34 67 37 36 21 42 
92 56 77 22 25 25 
29 32 42 32 90 93 
80 52 70 31 46 61 
76 27 27 80 90 2 
1 7 79 46 43 66 
22 80 7 6 46 20 
80 81 80 49 57 63 
94 13 79 31 54 99 
