10
28 1
85 
26 
49 
24 
51 
13 
91 
73 
25 
78 
49 
52 
91 
72 
29 
23 
11 
85 
77 
89 
96 
0 
66 
23 
58 
73 
20 
55 
79 1
13 
59 
80 
5 
96 
90 
68 
7 
19 
76 
18 
51 
28 
64 
66 
4 
46 
41 
34 
27 
63 
78 
25 
45 
37 
43 
24 
23 
87 
51 
94 
19 
18 
83 
10 
69 
56 
83 
51 
42 
23 
95 
39 
29 
69 
65 
81 
94 
90 
66 
3 
80 
66 
41 
57 
58 
17 
79 
98 
34 
57 
75 
47 
45 
35 
90 
29 
13 
72 
91 
98 
27 
33 
99 
68 
27 
48 
15 
17 
55 2
48 50 
8 54 
36 19 
42 15 
23 51 
10 80 
1 41 
84 19 
42 77 
3 1 
2 71 
28 72 
6 72 
2 58 
70 95 
19 56 
25 27 
14 69 
14 45 
94 1 
88 13 
26 18 
36 43 
17 86 
49 52 
47 13 
36 71 
5 92 
85 73 
50 62 
54 0 
82 10 
11 6 
43 73 
94 37 
34 45 
64 30 
35 79 
51 95 
16 13 
69 33 
27 86 
77 66 
69 42 
89 9 
10 9 
24 95 
59 23 
44 42 
47 2 
94 32 
37 39 
29 3 
92 45 
88 7 
9 8
12 55 96 48 10 31 97 29 
80 41 58 53 98 71 25 32 
39 80 85 98 65 6 71 5 
37 84 30 78 50 24 82 32 
33 71 21 65 49 43 80 57 
76 49 16 64 65 27 44 68 
92 20 57 59 55 35 29 29 
30 12 56 21 5 29 45 20 
40 57 3 87 12 47 43 23 
41 1
41 
22 
78 
64 
37 
91 
51 
10 
36 
84 
12 
3 
91 
23 
94 
17 
15 
27 
89 
76 
66 
60 
53 
37 
53 
6 
77 
25 
94 
22 
51 
12 
68 
49 
19 
86 
52 
53 
80 
54 
6 
59 7
57 33 25 3 73 63 23 
70 19 68 35 76 26 57 
92 94 29 0 6 39 91 
2 51 42 69 24 39 55 
7 86 71 47 86 13 5 
8 17 59 85 80 19 68 
62 97 25 71 27 37 17 
22 60 47 30 62 40 26 
20 14 92 72 82 5 30 
17 14 90 94 45 65 72 
33 19 36 38 12 48 18 
32 7 88 12 75 58 35 
9 66 74 54 21 5 17 
39 39 34 16 2 69 6 
49 66 25 77 0 52 70 
73 21 49 45 76 34 54 
77 32 75 47 23 78 27 
8 22 74 13 16 62 50 
23 47 79 29 89 35 85 
59 93 41 21 94 53 64 
34 86 26 46 9 56 76 
71 94 3 10 67 76 53 
8 11 55 37 58 90 43 
20 94 68 60 73 0 15 
28 80 69 46 29 83 42 
70 76 36 91 83 24 49 
20 75 7 97 26 13 69 
86 37 8 67 95 8 65 
79 16 22 3 64 96 88 
21 61 94 59 69 49 51 
75 71 6 3 92 76 38 
86 84 92 18 29 89 74 
21 93 36 6 62 96 2 
63 10 37 90 71 83 56 
92 47 38 34 80 39 16 
54 78 14 35 93 61 6 
28 40 85 58 82 47 73 
51 45 56 60 25 43 20 
88 58 35 13 1 8 17 
49 51 75 22 37 70 97 
28 46 65 21 80 64 13 
66 61 45 84 81 20 48 
65 75 82 49 17 28 73 
48 30 57 35 75 31 48 
3 57 9 33 86 29 97 
27 9 24 34 1 8 30 
51 54 62 33 28 75 14 
23 77 71 77 17 64 96 
76 57 21 76 33 94 10 
62 49 84 20 22 37 13 
23 30 73 74 96 47 36 
47 37 80 94 62 65 33 
42 53 98 94 92 22 83 
61 34 71 6 57 25 46 
94 92 38 34 64 91 13 
70 27 85 26 61 29 10 
51 80 0 37 22 96 41 
51 6 63 11 49 83 80 
99 20 89 5 71 0 73 
30 10
47 20 2 50 42 36 60 15 52 81 
78 66 22 19 57 11 68 80 91 25 
74 44 26 43 24 27 9 0 30 90 
14 7 66 86 45 67 8 54 0 19 
60 16 83 44 14 90 25 74 7 40 
75 71 82 64 17 2 70 53 31 89 
78 21 15 37 12 43 32 74 54 23 
8 9 21 91 81 4 48 46 60 74 
70 55 79 95 39 17 4 14 60 56 
99 8 23 54 61 12 49 26 50 93 
67 73 56 34 51 79 76 85 80 85 
28 29 15 25 18 32 88 21 76 1 
60 59 32 91 28 28 90 75 5 4 
80 42 85 86 21 85 99 57 69 80 
46 21 8 5 8 57 1 83 57 53 
1 27 36 92 75 65 70 4 50 78 
76 85 93 36 59 63 91 99 15 3 
48 15 30 91 14 46 75 93 95 7 
21 9 82 66 22 81 63 50 6 95 
61 89 90 13 50 16 57 96 21 22 
12 97 28 41 33 19 3 74 10 43 
89 28 74 4 31 40 13 96 53 31 
48 98 46 85 72 0 3 17 95 56 
80 49 38 93 9 6 5 81 38 87 
72 56 30 95 91 40 69 80 5 39 
29 19 52 68 9 21 80 29 95 71 
5 9 8 49 6 77 57 19 11 5 
92 32 85 84 91 18 60 71 24 31 
94 14 62 19 91 44 91 65 71 22 
91 2 3 65 84 72 26 43 85 51 
1 7
8 98 5 15 31 7 22 
7 4
12 8 35 16 
33 55 49 76 
62 38 65 82 
67 85 29 64 
45 8 81 72 
66 66 53 75 
84 24 4 3 
95 4
73 95 23 71 
44 13 91 13 
96 83 35 32 
87 17 45 31 
53 45 40 62 
92 16 25 90 
2 16 70 94 
49 19 10 88 
84 35 8 11 
59 62 49 86 
17 45 84 76 
79 99 81 2 
12 95 42 62 
75 41 47 33 
61 0 80 3 
44 10 11 49 
74 40 24 84 
30 2 93 45 
64 97 58 24 
11 57 45 40 
0 89 42 82 
0 28 16 70 
58 3 83 3 
90 69 49 15 
33 6 38 14 
14 90 1 37 
40 20 12 26 
49 46 71 38 
31 48 16 96 
41 49 45 28 
72 36 58 14 
90 75 73 36 
63 72 63 57 
66 77 85 32 
70 97 82 36 
66 7 55 41 
70 59 80 75 
75 31 69 17 
40 24 29 53 
86 37 90 78 
93 82 53 34 
20 69 11 45 
67 89 17 1 
2 44 83 4 
5 59 99 23 
82 27 24 24 
82 30 69 34 
84 14 36 55 
71 89 79 63 
2 98 13 8 
25 28 8 5 
37 44 41 98 
75 15 12 76 
42 80 39 89 
70 23 89 43 
33 27 12 33 
60 53 18 66 
81 53 82 0 
28 21 91 96 
83 60 9 81 
42 12 72 2 
78 59 37 36 
68 14 49 22 
49 56 41 91 
82 73 32 93 
29 14 7 19 
82 16 82 22 
91 95 25 56 
48 34 74 69 
76 88 2 65 
20 88 54 89 
16 0 79 56 
75 90 19 62 
54 48 35 76 
41 71 6 59 
82 14 91 42 
94 44 94 45 
30 14 14 32 
25 5 51 86 
90 83 42 74 
32 52 30 87 
64 52 10 32 
51 43 2 55 
48 37 38 9 
0 75 20 26 
69 9 14 37 
4 96 36 27 
30 59 7 72 
65 82 54 18 
74 10 4 61 
38 39 87 87 
13 75 91 8 
70 70 81 12 
89 38 5 32 
97 33 78 87 
