10
31 10
49 22 63 51 64 86 35 25 77 22 
20 30 15 42 47 80 42 41 92 70 
11 14 69 13 66 80 13 73 79 87 
76 78 43 80 52 3 47 67 89 9 
18 98 4 44 95 4 52 11 85 67 
47 61 74 55 0 9 22 37 89 18 
56 58 54 17 81 24 54 59 0 33 
30 21 50 37 60 91 3 38 46 37 
0 30 83 96 19 98 25 84 8 80 
63 24 69 22 29 7 88 24 38 2 
56 49 49 2 45 79 99 27 28 69 
12 29 1 58 80 90 83 18 76 36 
65 14 77 96 67 25 37 91 61 61 
95 84 61 0 87 35 43 95 90 36 
40 6 43 71 95 10 44 23 88 44 
95 36 66 51 95 65 76 39 57 57 
22 15 74 14 77 24 84 84 16 30 
93 99 60 16 2 55 59 87 0 35 
36 92 59 36 82 67 73 91 77 58 
77 74 33 1 83 95 14 14 23 53 
68 1 91 23 92 14 98 90 99 25 
71 62 81 62 91 32 80 13 54 31 
62 56 22 17 49 77 53 27 2 45 
64 31 67 54 25 76 53 71 79 91 
56 28 30 1 57 41 85 33 98 39 
42 0 76 31 60 10 25 29 36 39 
47 19 4 45 82 77 94 23 9 12 
96 55 2 72 44 76 47 39 41 23 
71 67 66 74 73 33 99 22 19 18 
14 86 75 82 83 71 47 28 19 55 
78 45 45 20 9 1 39 41 50 14 
73 1
63 
90 
74 
62 
31 
99 
53 
31 
50 
76 
88 
84 
93 
43 
80 
62 
27 
97 
47 
24 
90 
34 
64 
72 
14 
62 
59 
10 
48 
83 
25 
6 
42 
67 
41 
63 
5 
84 
81 
28 
38 
99 
85 
45 
57 
22 
48 
49 
23 
49 
15 
15 
95 
63 
26 
75 
83 
8 
13 
26 
72 
77 
26 
28 
40 
64 
68 
5 
66 
66 
77 
82 
35 
59 4
10 71 99 83 
40 97 84 83 
35 20 99 50 
3 54 59 29 
94 34 86 4 
31 17 79 42 
81 36 39 77 
7 57 59 74 
14 23 33 84 
92 47 70 70 
56 44 99 57 
74 93 39 26 
77 62 81 65 
58 73 54 12 
74 50 20 63 
94 56 44 71 
86 49 45 27 
0 67 11 49 
43 97 39 50 
88 66 75 49 
71 68 89 89 
29 0 59 45 
96 28 45 48 
80 12 90 6 
17 1 4 29 
44 19 50 55 
23 86 15 31 
51 4 97 65 
96 44 55 28 
76 26 38 38 
92 69 70 62 
11 9 49 54 
27 47 64 46 
77 62 0 77 
52 71 75 80 
85 39 39 99 
37 99 47 9 
80 79 5 11 
28 59 66 69 
49 24 68 87 
28 67 69 9 
66 24 73 94 
14 92 86 50 
89 98 70 35 
37 55 48 32 
60 48 43 3 
71 29 67 45 
98 71 5 35 
65 98 81 23 
23 92 57 47 
54 41 37 69 
72 79 30 76 
5 21 68 74 
84 59 71 83 
78 60 83 69 
40 28 50 47 
73 50 82 99 
69 60 4 95 
43 22 5 4 
58 2
94 54 
71 86 
29 83 
97 34 
78 6 
3 50 
51 61 
1 5 
32 66 
16 21 
41 90 
6 83 
74 91 
86 91 
47 64 
40 44 
76 91 
1 52 
76 14 
22 95 
92 89 
29 76 
91 86 
21 44 
79 58 
23 57 
46 55 
81 81 
90 79 
9 85 
46 64 
1 48 
58 96 
51 41 
9 32 
95 96 
73 67 
32 34 
10 12 
82 19 
26 79 
81 52 
5 95 
15 43 
53 58 
71 54 
37 29 
97 9 
25 40 
39 55 
80 40 
61 91 
52 5 
85 1 
70 50 
14 40 
79 78 
6 16 
15 9
78 87 95 21 57 35 39 55 27 
84 65 49 47 12 24 51 43 66 
34 22 19 3 17 49 89 10 8 
27 75 75 52 39 17 98 20 47 
81 13 25 45 4 95 38 3 14 
10 35 48 13 4 56 27 62 82 
52 36 57 36 58 85 95 4 89 
47 56 60 67 9 86 18 23 11 
82 31 71 47 13 35 55 24 16 
89 92 56 71 28 27 40 16 88 
41 41 98 58 11 37 32 58 14 
70 72 0 45 75 99 45 62 76 
39 50 81 15 78 37 54 32 97 
47 82 36 5 69 41 2 81 47 
59 14 92 70 71 83 8 90 59 
27 8
87 45 48 52 35 33 92 70 
28 56 4 84 61 76 69 77 
15 78 5 98 22 24 21 28 
14 23 60 16 99 48 99 44 
79 57 40 41 54 78 3 5 
78 48 79 73 76 91 95 63 
26 71 6 4 23 24 11 13 
0 22 68 55 57 21 35 0 
3 73 22 84 51 74 38 77 
31 51 86 99 43 57 73 3 
2 49 20 76 34 21 8 26 
42 55 31 70 43 70 49 15 
41 71 54 64 86 31 91 57 
67 58 81 26 30 59 72 17 
8 72 19 24 23 4 79 63 
51 84 35 75 81 71 95 47 
76 29 24 82 71 78 66 61 
94 58 71 11 57 36 99 38 
42 72 68 47 11 13 97 61 
34 67 49 5 15 60 37 2 
19 33 34 72 62 31 40 18 
56 50 28 72 88 82 75 73 
1 84 87 13 28 72 41 71 
5 37 8 97 1 84 44 27 
52 33 23 97 36 94 96 31 
30 0 77 28 75 7 19 78 
81 14 51 79 23 29 67 85 
36 3
30 78 47 
52 60 15 
54 53 9 
77 47 86 
27 85 54 
46 2 16 
46 9 64 
86 43 68 
65 64 60 
79 73 79 
32 13 27 
36 41 53 
4 5 1 
55 41 65 
0 52 33 
74 2 90 
74 10 17 
6 82 40 
13 91 52 
85 88 11 
57 2 68 
32 68 91 
55 32 1 
45 37 97 
90 40 52 
52 17 40 
80 45 94 
41 16 2 
84 60 85 
31 29 84 
33 61 63 
49 15 61 
81 56 77 
20 82 31 
70 49 16 
42 37 2 
29 8
58 54 81 69 87 87 22 15 
50 4 4 67 41 89 44 97 
9 81 81 38 8 0 20 36 
40 9 73 40 9 38 53 81 
38 35 48 15 27 7 25 84 
31 97 40 97 39 39 56 61 
54 44 77 5 34 43 99 75 
23 86 3 97 3 12 53 28 
58 70 99 62 74 92 93 87 
18 35 58 39 34 74 30 5 
19 2 0 54 20 74 2 13 
56 51 6 5 34 99 63 91 
85 16 93 22 90 56 65 61 
66 42 37 80 20 47 39 5 
2 11 71 12 19 1 25 52 
77 86 39 17 36 28 92 35 
19 97 14 68 13 72 26 17 
63 18 14 36 36 62 62 46 
4 98 5 31 26 88 5 82 
55 69 18 48 24 11 92 35 
92 41 72 99 1 27 32 79 
61 59 80 20 38 7 88 27 
58 92 3 92 56 51 86 31 
95 21 46 6 94 16 18 43 
68 80 96 11 93 67 10 83 
12 69 20 7 98 62 8 56 
58 93 29 6 7 93 47 5 
63 26 19 63 26 31 3 91 
79 45 45 29 40 86 64 10 
1 8
9 61 36 23 59 22 38 69 
99 10
90 3 17 26 61 44 59 84 80 59 
50 92 53 77 97 4 16 33 75 51 
9 22 12 82 88 5 49 88 24 60 
18 2 96 57 92 90 88 35 75 96 
36 97 40 29 86 80 56 48 36 44 
59 43 87 86 85 59 6 45 61 66 
46 73 59 44 7 83 11 7 7 94 
2 88 86 89 24 39 70 34 51 38 
36 75 7 0 82 27 7 47 58 99 
51 77 95 21 74 91 78 65 18 95 
84 90 30 42 38 35 63 28 33 83 
33 40 0 34 56 48 74 97 83 91 
92 11 84 87 31 52 78 59 85 34 
2 89 14 91 43 5 17 55 93 23 
0 10 12 88 92 48 10 59 44 83 
72 33 77 8 64 43 78 50 9 29 
84 15 23 30 93 37 14 14 61 52 
21 21 93 37 53 74 60 66 84 80 
66 10 59 11 23 40 71 98 59 71 
27 4 16 49 48 41 49 72 7 39 
27 88 95 36 38 18 15 17 36 56 
98 7 54 6 55 57 95 9 87 54 
64 70 21 21 99 61 54 54 6 7 
41 39 20 73 72 23 21 78 11 1 
96 6 17 76 14 3 57 29 74 36 
43 90 17 77 31 42 6 2 88 45 
24 91 29 42 58 72 48 50 32 80 
80 66 73 24 9 40 24 33 25 17 
50 97 69 31 0 86 92 57 21 71 
7 7 95 44 38 97 79 36 62 97 
21 58 16 21 5 1 49 25 54 99 
2 37 37 19 41 43 70 34 60 54 
81 87 43 3 7 86 97 19 66 71 
91 21 10 78 7 97 21 86 58 6 
14 43 96 31 94 16 9 40 75 88 
53 43 0 59 99 82 84 77 53 48 
86 67 87 26 82 13 62 22 30 79 
91 32 7 7 68 41 92 58 26 50 
35 90 41 2 80 47 19 98 79 44 
15 88 21 69 77 58 53 71 17 85 
54 0 81 33 5 4 38 98 57 62 
23 72 67 82 20 67 35 63 56 21 
14 21 47 72 38 73 25 43 75 28 
27 37 67 21 99 84 8 17 50 99 
96 72 1 22 49 78 43 68 31 75 
38 99 7 38 72 23 81 63 40 16 
92 68 77 22 92 37 62 2 88 0 
34 67 29 80 75 24 99 59 89 67 
79 66 96 18 8 68 34 30 82 43 
70 94 20 38 38 17 96 26 54 86 
77 7 85 86 28 65 95 19 95 44 
59 52 6 45 39 52 3 19 71 76 
85 36 70 35 39 63 75 21 69 86 
2 76 75 31 17 36 77 29 17 86 
15 24 77 1 26 68 47 81 6 66 
76 69 50 20 1 46 25 63 39 30 
46 70 11 92 82 32 2 26 80 90 
10 53 6 54 94 96 98 51 43 95 
35 91 0 49 21 89 34 40 22 66 
11 4 43 17 88 99 94 46 38 91 
53 89 14 92 7 32 15 8 98 22 
23 0 1 44 53 49 90 91 46 79 
42 4 59 96 60 53 82 8 44 37 
42 28 97 18 40 52 32 88 71 2 
82 68 56 43 84 10 31 64 98 0 
89 2 58 40 6 85 81 88 84 3 
58 12 60 95 58 88 13 28 52 91 
83 41 58 95 22 53 96 81 27 83 
99 35 18 93 44 12 5 16 70 88 
59 21 65 44 96 47 69 33 60 93 
75 44 31 49 14 25 68 65 49 80 
85 24 34 71 1 13 42 26 95 24 
39 71 78 1 26 45 6 65 11 3 
50 30 41 89 82 74 22 3 23 31 
51 5 44 65 24 37 44 69 54 90 
41 41 52 5 87 35 31 95 73 27 
10 71 59 3 86 36 28 33 71 60 
82 43 78 54 65 50 71 17 92 45 
86 18 62 27 54 84 3 88 42 46 
5 68 80 97 38 84 82 34 23 97 
59 82 90 42 70 96 67 9 97 75 
36 6 40 57 7 71 3 50 88 39 
46 17 31 56 79 88 11 26 65 31 
72 2 75 3 23 11 3 3 27 76 
33 2 65 23 54 94 11 56 45 1 
10 44 35 98 75 19 17 46 11 92 
4 47 74 13 84 48 4 79 13 51 
76 42 30 72 54 84 27 82 36 26 
70 87 8 72 28 83 80 78 85 85 
42 91 97 73 50 89 36 61 93 21 
73 15 7 60 22 11 9 85 27 13 
95 22 52 45 67 66 83 1 51 85 
91 46 51 41 45 3 47 14 29 38 
95 85 53 80 0 77 24 0 78 35 
18 83 66 75 45 62 75 86 15 51 
11 50 23 17 91 8 49 31 3 5 
46 95 50 71 86 95 94 69 32 7 
22 90 0 88 81 49 91 52 27 32 
12 71 81 15 52 42 58 0 35 22 
