10
38 2
44 41 
2 26 
44 18 
48 96 
24 93 
77 58 
55 93 
0 55 
92 39 
64 35 
90 35 
12 4 
14 1 
59 36 
31 98 
93 83 
26 29 
79 46 
59 79 
84 4 
32 62 
16 52 
53 40 
25 71 
36 3 
20 27 
18 28 
25 85 
69 1 
50 55 
11 31 
53 52 
15 48 
11 28 
31 75 
32 55 
58 53 
69 5 
31 5
25 44 68 70 7 
37 35 77 86 3 
46 93 34 73 82 
37 2 42 96 1 
71 15 58 67 68 
35 88 93 43 22 
69 18 59 20 3 
16 25 19 63 2 
96 24 48 58 0 
90 31 5 39 87 
83 1 22 75 90 
35 14 50 79 13 
70 66 66 58 27 
25 25 85 99 59 
8 6 26 87 43 
43 55 34 98 75 
33 5 94 61 85 
41 90 78 59 44 
48 14 39 29 69 
16 70 62 14 57 
13 69 92 87 57 
13 67 38 68 98 
39 7 63 52 7 
95 36 72 69 50 
74 75 45 0 62 
67 42 28 68 48 
50 83 71 87 53 
87 9 29 20 61 
62 65 90 80 47 
66 72 87 10 88 
93 89 96 13 24 
80 3
61 61 49 
44 5 13 
52 35 83 
10 39 9 
11 38 41 
54 16 71 
63 41 97 
63 31 32 
42 37 88 
76 38 32 
94 8 54 
22 92 27 
76 47 52 
96 88 99 
31 94 79 
17 6 16 
90 50 8 
14 5 62 
82 85 72 
61 91 36 
76 84 27 
7 19 33 
17 52 74 
64 79 28 
59 72 67 
3 66 90 
20 43 23 
11 87 38 
60 44 35 
42 89 41 
65 36 65 
94 92 52 
23 22 8 
96 93 73 
61 35 47 
93 71 89 
79 51 51 
56 47 54 
60 60 80 
16 23 66 
22 69 96 
81 52 9 
10 39 26 
93 69 47 
40 48 97 
10 36 46 
54 7 74 
65 38 66 
87 96 39 
37 92 56 
46 14 37 
49 86 15 
66 73 37 
59 84 39 
51 92 63 
98 93 69 
66 95 17 
22 16 93 
22 42 62 
31 23 60 
37 3 7 
61 53 73 
60 89 74 
98 32 24 
50 62 68 
63 27 28 
19 51 42 
88 76 6 
48 93 48 
75 56 9 
97 2 98 
29 52 12 
90 77 98 
96 96 92 
93 39 35 
20 46 38 
35 44 52 
21 63 85 
35 70 26 
27 61 82 
79 5
33 39 3 38 87 
27 61 81 96 99 
92 99 50 0 79 
79 66 58 75 84 
3 35 22 35 86 
66 19 85 48 3 
31 54 23 18 60 
3 93 53 73 58 
37 7 67 91 72 
91 19 29 63 82 
8 83 22 72 5 
60 4 23 34 25 
60 69 83 57 11 
67 22 90 90 35 
95 54 27 0 40 
76 99 22 50 68 
59 99 41 44 27 
32 66 5 22 41 
31 2 88 0 27 
47 28 83 84 36 
94 68 57 7 88 
97 72 95 71 60 
32 82 28 84 94 
69 39 12 13 63 
88 27 75 72 25 
10 86 11 92 6 
23 41 64 9 17 
31 29 94 1 82 
99 27 49 34 31 
75 31 57 18 28 
52 72 74 30 81 
54 35 0 44 24 
73 79 21 6 26 
37 31 92 50 60 
49 42 1 7 18 
8 16 56 61 40 
56 87 85 90 68 
74 5 2 50 97 
46 76 96 27 80 
93 42 89 9 36 
30 39 44 44 91 
69 15 0 15 53 
3 18 53 90 8 
88 13 54 83 3 
73 19 98 38 36 
74 8 4 45 25 
65 29 75 14 60 
90 58 13 42 89 
16 27 90 19 40 
92 75 53 7 6 
28 5 41 74 3 
98 59 22 91 97 
39 64 2 14 39 
74 51 14 25 22 
33 38 58 20 97 
7 90 6 8 91 
96 43 99 61 67 
59 54 24 47 82 
95 6 59 15 85 
51 31 87 13 14 
54 41 47 24 2 
76 12 10 43 35 
18 17 17 49 33 
49 93 30 13 68 
69 0 32 53 83 
9 9 51 47 88 
56 56 7 37 40 
72 61 15 67 88 
43 76 46 67 26 
51 8 54 35 34 
31 99 81 1 88 
4 89 3 62 40 
34 25 34 3 86 
35 29 90 32 64 
75 2 70 13 31 
57 62 14 23 52 
11 75 20 99 95 
16 97 14 90 12 
61 25 30 51 10 
20 4
19 57 38 70 
23 91 42 71 
89 33 87 91 
14 43 60 75 
47 25 65 3 
50 70 75 74 
5 84 30 21 
94 97 64 32 
28 33 89 46 
1 79 65 36 
69 80 37 91 
94 86 20 21 
67 13 14 56 
46 96 11 61 
45 5 28 16 
21 14 34 17 
90 87 29 19 
82 88 96 51 
44 61 39 31 
46 79 42 7 
47 3
8 87 25 
78 10 6 
85 92 5 
75 41 29 
21 22 63 
53 31 2 
85 5 22 
45 95 55 
69 31 63 
94 68 66 
50 35 92 
88 78 92 
28 39 1 
40 66 46 
1 18 17 
1 20 19 
16 91 43 
34 98 9 
93 7 92 
66 17 16 
76 61 67 
49 63 31 
42 98 85 
22 60 73 
95 96 94 
38 14 36 
36 35 51 
6 59 52 
10 81 3 
19 50 98 
83 36 36 
34 78 42 
28 12 57 
29 1 24 
19 11 65 
47 16 88 
0 16 32 
19 87 50 
78 18 44 
91 8 29 
68 37 46 
30 90 23 
91 95 46 
78 70 32 
60 80 25 
67 54 37 
70 49 99 
1 8
43 26 48 51 0 18 80 53 
62 4
20 29 82 9 
37 65 43 95 
30 38 99 47 
64 19 84 64 
27 0 43 32 
50 95 77 51 
13 71 47 15 
88 6 5 70 
31 33 53 29 
24 53 90 30 
24 56 99 44 
18 64 30 77 
97 95 5 85 
96 32 87 58 
39 74 82 51 
27 90 47 84 
77 61 86 22 
32 98 29 23 
64 29 15 33 
23 45 38 91 
46 47 16 12 
7 63 96 94 
10 63 77 74 
13 90 31 19 
20 62 66 88 
80 69 51 30 
46 32 3 28 
27 74 67 85 
28 87 98 95 
19 32 29 89 
64 54 12 96 
93 41 95 46 
70 56 88 95 
26 90 40 87 
82 86 36 43 
50 18 37 18 
81 92 89 20 
40 42 97 90 
91 37 16 33 
56 44 45 84 
92 2 96 43 
28 8 76 14 
39 15 29 88 
80 1 32 40 
98 42 4 1 
14 22 80 90 
69 73 24 93 
94 51 40 71 
74 5 74 32 
79 95 68 47 
2 86 42 77 
8 77 29 6 
23 60 32 56 
20 20 82 63 
24 65 53 57 
31 73 9 22 
88 4 23 90 
15 16 83 70 
47 3 80 85 
32 47 67 60 
23 6 79 96 
43 46 4 70 
42 4
97 63 99 78 
3 37 90 84 
50 18 99 91 
86 47 30 84 
26 20 46 46 
79 94 16 53 
61 69 3 99 
73 83 55 99 
62 56 97 59 
34 0 59 36 
43 74 41 31 
3 31 66 46 
8 25 54 60 
28 12 72 77 
36 18 88 69 
77 94 88 50 
64 77 94 0 
14 75 28 89 
3 55 11 69 
20 48 85 88 
99 6 94 65 
34 6 84 29 
42 89 58 69 
5 8 50 76 
65 64 31 8 
12 74 13 14 
5 54 22 0 
53 47 73 44 
81 2 41 34 
17 12 96 34 
30 25 8 70 
64 11 2 16 
7 23 81 80 
27 62 86 61 
6 97 22 5 
44 25 3 90 
53 85 2 91 
90 19 72 59 
61 35 71 0 
98 9 92 83 
6 92 27 3 
19 81 39 43 
37 1
94 
92 
99 
24 
31 
11 
20 
60 
94 
87 
92 
93 
63 
9 
5 
57 
83 
45 
76 
52 
88 
32 
56 
73 
80 
58 
77 
60 
79 
58 
77 
48 
92 
24 
50 
6 
36 
