10
17 6
40 74 14 86 74 37 
19 50 28 54 44 54 
5 36 83 46 65 38 
25 6 14 79 75 71 
12 72 43 58 35 29 
64 73 99 63 91 22 
23 57 91 28 34 42 
84 32 74 95 89 17 
81 86 75 52 18 38 
82 55 51 63 89 51 
4 56 31 95 85 19 
59 75 8 1 60 85 
57 83 57 78 13 68 
55 56 92 76 52 87 
41 53 82 78 92 72 
0 59 96 85 89 5 
74 2 31 69 48 73 
2 2
61 41 
60 59 
7 10
50 4 73 70 29 15 25 23 70 11 
46 81 85 15 1 64 80 96 78 8 
75 25 9 65 31 72 79 52 45 40 
53 28 92 8 2 98 5 5 61 66 
52 34 93 79 76 46 96 29 55 39 
70 36 82 90 42 88 41 0 69 51 
59 79 70 55 1 64 54 97 1 15 
59 1
1 
75 
77 
86 
64 
76 
69 
35 
40 
87 
24 
92 
36 
73 
76 
7 
28 
33 
60 
83 
67 
30 
54 
71 
4 
44 
33 
70 
61 
39 
34 
10 
3 
7 
78 
29 
94 
22 
61 
59 
32 
98 
82 
78 
79 
45 
57 
74 
64 
85 
81 
56 
64 
77 
51 
61 
6 
33 
79 
92 1
61 
30 
48 
18 
77 
36 
6 
5 
63 
90 
62 
6 
50 
14 
39 
72 
70 
82 
25 
28 
8 
90 
86 
31 
58 
91 
97 
15 
94 
32 
38 
38 
24 
98 
30 
46 
14 
95 
79 
57 
7 
94 
58 
7 
90 
90 
86 
74 
76 
63 
52 
36 
36 
45 
89 
76 
83 
16 
39 
82 
0 
28 
92 
68 
72 
42 
39 
21 
89 
63 
85 
4 
55 
59 
15 
90 
83 
48 
69 
27 
84 
61 
98 
54 
15 
37 
20 
62 
48 
24 
63 
31 
3 6
69 14 5 47 49 30 
54 12 64 88 38 87 
23 16 4 58 6 35 
78 1
60 
11 
1 
21 
1 
78 
15 
86 
0 
96 
64 
58 
89 
43 
88 
79 
14 
91 
37 
14 
56 
73 
80 
93 
88 
20 
37 
19 
50 
59 
99 
55 
90 
50 
28 
87 
58 
35 
6 
29 
36 
78 
94 
27 
75 
44 
12 
88 
11 
65 
79 
42 
72 
88 
2 
44 
71 
11 
47 
99 
29 
83 
91 
85 
56 
21 
74 
54 
56 
70 
72 
27 
73 
60 
45 
43 
21 
60 
98 5
4 23 31 30 62 
76 51 54 20 41 
41 30 35 14 84 
63 82 44 66 10 
26 42 58 35 35 
95 16 39 89 32 
92 45 8 5 89 
83 8 47 35 22 
35 65 7 76 0 
85 10 24 43 84 
37 39 6 36 71 
25 68 10 47 45 
12 20 40 70 61 
97 62 2 99 26 
95 92 36 15 77 
1 91 51 58 26 
37 77 2 25 66 
91 11 85 99 7 
27 91 58 39 77 
26 17 89 69 54 
90 35 25 60 30 
97 28 69 13 61 
78 4 10 2 85 
84 84 8 42 15 
47 94 87 71 66 
66 71 7 85 45 
6 70 79 18 23 
2 42 88 11 72 
38 82 21 10 67 
43 22 0 2 43 
89 3 13 88 39 
83 14 0 47 24 
29 70 18 84 92 
75 9 46 20 43 
63 6 78 79 56 
12 96 26 30 54 
4 39 3 49 21 
45 36 50 76 66 
96 33 96 79 56 
91 67 65 34 1 
96 20 58 31 45 
36 57 26 4 84 
0 92 76 37 1 
70 47 96 12 32 
69 75 67 78 56 
58 52 54 2 36 
74 21 90 55 54 
4 54 60 87 84 
20 24 36 91 4 
28 22 96 86 78 
46 21 45 0 39 
15 27 32 50 71 
5 29 69 83 5 
89 83 83 94 20 
71 2 61 28 23 
0 14 65 70 8 
20 70 59 73 92 
68 84 48 54 71 
7 33 54 40 56 
8 3 6 92 58 
22 71 95 76 25 
48 84 57 32 23 
77 39 19 93 53 
76 65 0 70 34 
29 15 86 0 59 
24 94 66 26 93 
1 15 59 30 78 
18 0 81 27 44 
54 3 4 31 36 
71 39 54 93 72 
94 75 68 15 0 
0 70 58 75 11 
75 47 14 12 4 
32 93 56 28 31 
1 63 18 60 38 
82 15 39 42 27 
73 15 79 24 70 
28 36 22 73 45 
52 45 34 39 75 
67 88 42 14 35 
4 73 69 60 59 
44 95 98 48 69 
96 79 39 90 46 
49 57 82 30 88 
89 10 36 86 6 
82 45 66 14 12 
40 13 39 92 35 
38 84 56 19 41 
18 46 83 30 27 
76 5 35 35 16 
58 55 9 4 71 
69 84 59 24 60 
51 85 63 0 34 
79 52 37 2 94 
83 86 58 58 27 
64 11 46 2 80 
29 74 81 11 63 
68 58 73 45 31 
27 6
43 61 76 18 9 99 
83 24 93 10 55 21 
24 0 63 30 33 63 
5 34 23 10 98 77 
81 66 63 0 19 98 
77 97 34 33 62 41 
71 91 32 73 73 47 
61 53 88 45 39 10 
6 80 44 92 12 81 
21 3 64 53 13 29 
22 99 12 72 72 17 
65 23 46 36 55 51 
29 6 27 4 10 0 
15 86 46 9 81 1 
86 22 43 43 16 41 
25 56 28 83 16 2 
72 84 94 70 12 54 
13 58 83 79 68 45 
5 18 28 68 73 17 
3 91 47 74 67 79 
13 36 85 25 23 37 
11 67 23 99 15 33 
70 4 49 62 93 45 
1 60 39 59 60 38 
7 29 59 73 24 52 
73 61 63 95 68 32 
85 58 72 79 49 82 
28 7
4 91 84 28 88 12 96 
54 30 22 6 71 75 28 
60 71 61 10 86 4 13 
5 47 85 44 81 80 14 
10 76 19 35 54 22 12 
86 99 9 60 9 87 80 
67 46 38 19 10 97 89 
12 45 19 80 72 20 77 
81 19 29 16 2 17 13 
58 44 14 80 1 96 56 
54 90 34 12 97 37 61 
69 77 39 62 27 62 24 
52 96 17 14 67 87 90 
26 92 98 88 33 53 90 
73 34 49 32 4 49 82 
75 23 19 45 63 22 73 
50 99 65 94 17 66 94 
53 24 78 15 18 81 35 
53 24 78 15 25 79 68 
70 97 15 1 28 50 0 
29 80 36 87 10 47 95 
9 35 98 2 67 26 24 
33 66 45 3 46 79 71 
61 79 65 95 98 81 34 
5 44 29 52 52 57 36 
85 22 28 31 9 1 27 
85 10 2 96 83 40 24 
31 34 94 36 39 23 17 
