10
44 10
4 0 31 79 69 64 3 0 28 81 
87 83 71 1 0 38 53 20 27 29 
51 64 50 22 95 85 77 38 33 4 
88 53 18 48 90 41 17 65 93 2 
32 88 69 80 12 8 6 43 5 83 
18 62 84 48 14 16 97 96 52 20 
3 10 93 88 90 88 76 80 61 90 
78 6 11 69 19 57 42 0 37 86 
30 70 71 46 60 92 1 81 67 16 
47 70 59 91 23 76 15 23 39 37 
74 44 70 9 42 95 77 45 89 15 
8 81 5 48 79 26 89 21 20 48 
77 66 26 79 82 54 74 21 82 17 
44 71 2 10 44 75 88 99 35 98 
56 0 33 17 94 9 80 77 58 42 
45 83 50 25 41 61 99 55 11 90 
34 63 75 28 69 84 42 72 2 76 
65 86 88 52 23 50 88 45 67 18 
89 3 85 20 3 70 88 46 4 59 
24 60 40 12 29 6 66 2 3 72 
64 82 59 66 36 38 54 71 31 73 
77 56 83 37 13 68 43 4 47 51 
69 9 79 44 59 48 52 91 34 85 
67 14 9 37 85 50 25 10 38 78 
96 72 32 56 11 79 67 35 67 59 
82 16 7 61 30 51 72 80 74 21 
13 28 6 44 29 18 99 2 86 28 
15 69 79 82 34 66 22 49 85 33 
66 95 70 28 38 16 71 68 55 47 
5 52 86 4 56 40 78 0 70 73 
28 33 61 45 63 72 69 86 67 12 
70 9 49 1 37 69 21 85 92 50 
71 13 7 34 45 63 54 55 25 19 
48 1 30 40 17 46 93 41 7 3 
43 39 57 85 87 92 28 33 25 56 
83 84 40 7 18 94 24 40 66 40 
5 4 35 40 13 46 85 48 33 77 
95 94 17 50 48 47 42 80 0 37 
21 66 99 31 44 84 68 83 24 4 
29 53 39 50 45 3 5 21 38 26 
10 1 68 52 66 10 42 20 95 6 
27 17 62 26 60 55 48 28 28 6 
96 45 7 20 74 73 80 17 9 55 
81 30 36 95 72 91 42 26 39 0 
57 2
99 65 
67 92 
86 88 
83 52 
22 55 
89 94 
33 71 
80 90 
50 36 
2 76 
80 10 
84 2 
74 11 
64 18 
71 82 
89 61 
87 88 
69 36 
61 97 
62 95 
86 38 
2 91 
37 4 
49 44 
21 58 
31 90 
5 55 
50 91 
50 66 
0 86 
66 68 
85 79 
78 84 
36 3 
5 59 
96 25 
8 18 
33 93 
17 55 
34 39 
4 41 
57 51 
22 20 
53 96 
96 62 
88 39 
56 96 
57 70 
78 67 
79 52 
66 47 
83 70 
92 12 
90 63 
68 30 
11 8 
27 27 
76 2
65 35 
38 8 
24 93 
73 32 
33 39 
41 82 
2 74 
19 52 
92 7 
43 91 
22 93 
26 13 
81 71 
79 10 
98 13 
26 16 
33 62 
72 20 
26 37 
42 30 
61 41 
32 23 
54 92 
79 85 
67 51 
26 39 
66 46 
29 95 
54 56 
59 69 
76 10 
90 48 
53 67 
80 10 
11 63 
21 43 
97 13 
82 30 
82 99 
60 77 
36 69 
33 63 
40 82 
62 14 
78 99 
34 33 
71 92 
50 86 
91 88 
46 60 
1 86 
46 61 
99 9 
68 66 
86 53 
1 0 
77 79 
27 1 
77 64 
98 10 
9 53 
41 15 
7 9 
3 7 
74 29 
73 74 
5 48 
22 52 
92 11 
22 24 
46 72 
51 1 
35 7 
89 59 
23 39 
48 41 
40 8
8 22 86 38 16 98 30 68 
93 55 44 7 69 58 33 44 
67 91 26 54 98 8 23 79 
66 5 76 44 97 41 24 77 
54 55 65 39 98 91 19 83 
96 63 56 40 6 5 76 0 
52 15 7 55 69 93 47 28 
56 93 46 67 41 21 16 67 
23 8 80 28 96 66 33 24 
55 90 95 15 66 61 43 75 
48 72 15 49 68 72 49 17 
47 81 63 16 11 74 39 36 
80 7 51 4 35 76 28 9 
9 89 95 48 16 4 53 0 
84 71 27 30 41 74 72 88 
88 53 69 87 15 66 77 52 
85 72 47 21 78 24 96 27 
15 70 42 10 5 60 25 77 
80 7 36 12 1 7 51 11 
51 83 26 91 2 11 82 19 
85 81 82 53 30 55 26 69 
60 12 2 27 48 29 77 44 
79 76 84 61 75 85 28 31 
31 13 5 66 28 69 39 8 
85 44 26 93 3 91 4 97 
82 48 25 41 74 93 60 78 
81 35 29 98 61 74 6 28 
13 74 65 30 88 6 62 97 
49 97 25 20 48 2 51 9 
45 44 42 17 15 78 22 87 
80 35 41 26 31 45 21 50 
40 99 44 24 87 41 0 32 
96 38 77 68 58 0 20 6 
6 27 1 39 10 19 11 86 
21 52 46 43 66 87 9 16 
49 7 65 43 68 63 70 62 
70 61 61 23 0 43 61 24 
45 50 30 10 76 33 75 28 
47 95 79 91 86 27 70 84 
28 50 32 33 16 9 83 39 
73 5
40 59 15 1 60 
7 29 96 41 20 
32 78 58 98 20 
67 91 71 86 41 
36 76 60 76 97 
60 91 96 50 18 
30 63 24 66 18 
54 64 63 87 73 
62 79 43 93 72 
54 92 28 56 35 
66 49 75 57 49 
58 28 77 24 20 
17 93 23 34 8 
89 30 28 88 71 
2 89 1 84 44 
59 29 57 44 38 
21 87 4 84 84 
59 28 67 10 24 
56 47 27 90 60 
6 64 95 15 93 
82 16 83 9 18 
83 12 38 38 34 
76 82 86 86 13 
85 25 13 81 0 
9 61 34 31 55 
42 4 80 20 2 
76 64 89 18 98 
28 22 12 98 69 
73 55 47 43 35 
46 20 76 95 29 
87 79 6 0 79 
31 43 17 76 82 
48 48 22 70 89 
33 66 3 99 94 
27 68 43 86 41 
62 32 61 55 90 
55 77 15 62 34 
4 86 88 30 19 
88 71 36 90 40 
46 26 21 35 16 
90 70 99 64 53 
36 32 10 57 52 
22 34 99 38 56 
97 71 94 92 53 
24 87 75 28 57 
40 19 8 44 9 
79 49 16 36 85 
64 41 13 49 51 
7 55 66 0 85 
24 59 91 14 42 
72 86 61 34 97 
3 97 30 94 20 
15 98 55 74 47 
40 34 52 13 29 
83 13 56 61 75 
53 71 18 0 15 
40 72 11 63 13 
9 71 35 25 75 
70 19 83 56 18 
93 69 50 97 25 
72 31 44 17 69 
48 8 4 83 10 
6 40 76 28 1 
69 81 57 73 92 
94 13 94 56 88 
55 10 4 49 22 
3 22 53 8 36 
46 87 46 98 77 
76 54 2 87 97 
9 37 99 35 1 
98 7 2 2 55 
60 34 71 31 98 
70 27 24 31 90 
14 3
44 68 4 
88 41 37 
11 31 50 
97 32 60 
30 8 32 
71 35 34 
83 81 69 
94 80 38 
28 66 62 
31 48 50 
36 44 52 
86 94 59 
39 88 45 
29 13 79 
2 10
12 33 41 35 32 87 87 39 5 2 
65 78 9 52 7 76 82 33 73 19 
38 4
4 34 63 16 
20 58 50 3 
8 93 47 8 
25 63 79 44 
32 74 96 64 
75 93 49 24 
30 16 20 3 
22 10 59 73 
9 42 81 5 
39 68 71 37 
61 15 7 98 
16 15 19 64 
84 1 16 78 
66 8 21 62 
15 51 27 56 
17 4 43 3 
43 55 10 39 
44 31 43 37 
24 88 14 32 
50 42 88 29 
69 45 51 46 
62 45 87 94 
37 16 46 56 
28 50 8 21 
84 16 37 34 
73 80 31 39 
48 52 34 41 
67 53 87 66 
61 37 33 34 
22 16 78 96 
89 92 97 31 
61 51 34 46 
1 78 3 75 
75 39 89 27 
34 22 11 16 
6 79 42 83 
89 18 36 40 
12 53 79 64 
52 9
12 73 28 36 93 80 85 32 19 
8 62 87 7 69 74 22 63 19 
48 45 44 8 32 64 82 95 62 
46 76 70 23 95 72 79 75 89 
58 74 10 11 45 78 53 93 97 
81 8 18 28 9 73 30 6 13 
64 98 34 95 77 82 12 75 89 
83 96 3 85 53 24 24 38 90 
21 65 38 52 34 64 67 11 81 
10 33 7 10 90 35 45 5 36 
65 31 27 49 88 5 52 38 45 
93 20 14 83 82 60 50 39 17 
22 96 33 84 79 78 16 3 95 
43 22 72 14 10 97 90 90 81 
14 41 85 73 8 68 29 73 47 
43 57 39 85 95 25 74 72 51 
89 37 46 71 93 28 53 24 61 
77 91 14 28 12 9 48 86 30 
70 59 35 47 82 0 84 10 40 
19 72 79 9 76 23 75 82 87 
69 49 8 48 58 97 93 47 65 
24 74 58 87 31 59 69 14 29 
98 89 58 38 3 80 82 37 84 
56 73 12 57 18 14 91 86 1 
26 94 88 59 22 23 60 6 37 
95 38 95 7 99 89 56 6 62 
48 59 39 58 92 3 72 0 3 
21 81 88 77 46 32 24 0 8 
10 60 37 5 59 5 12 57 77 
14 1 50 68 24 77 60 88 69 
47 28 35 91 24 79 80 26 87 
88 25 11 53 78 37 98 31 7 
89 51 18 98 52 84 0 30 96 
59 3 78 31 9 51 87 54 38 
27 29 89 3 41 39 24 8 74 
10 76 91 51 35 8 12 97 50 
57 99 7 25 19 7 38 34 7 
72 57 46 30 19 54 2 12 1 
54 50 33 1 28 68 22 34 97 
25 39 4 60 42 7 98 61 10 
76 36 98 35 73 61 5 39 46 
88 51 51 11 82 92 82 96 43 
52 75 67 43 49 18 22 11 90 
86 82 68 56 99 56 82 71 18 
55 64 91 78 58 55 35 20 16 
96 73 34 42 87 80 7 67 46 
47 26 69 45 2 57 55 51 70 
76 86 13 8 39 4 21 58 80 
7 2 58 44 78 70 39 47 2 
48 20 6 71 87 46 40 41 18 
17 16 29 30 36 7 42 61 6 
13 1 16 44 72 8 39 7 80 
15 9
80 36 60 9 50 93 54 62 23 
21 77 42 59 19 32 41 74 21 
44 58 25 80 85 17 31 19 85 
12 44 79 35 90 9 90 40 20 
84 23 25 47 75 72 58 61 56 
77 56 67 88 65 57 4 97 69 
92 76 60 29 79 32 27 14 45 
71 57 5 15 60 71 38 78 66 
15 70 78 52 4 22 22 10 69 
20 56 59 89 68 86 94 91 81 
5 38 57 80 81 49 10 84 97 
8 31 34 48 28 82 67 11 21 
34 51 9 86 63 77 30 56 7 
20 60 49 67 96 91 8 34 2 
33 32 6 36 48 10 20 36 52 
