10
49 8
38 62 9 38 12 81 37 61 
10 78 12 34 73 75 62 78 
19 21 99 13 42 17 61 75 
51 15 49 74 82 70 78 86 
68 39 44 63 61 21 53 14 
47 96 12 99 7 29 15 37 
6 26 87 6 11 30 21 5 
34 23 68 60 80 10 68 75 
38 15 20 58 91 6 67 31 
2 37 19 12 71 34 8 38 
93 31 40 74 8 93 27 62 
8 50 29 67 25 66 33 49 
72 47 20 28 82 92 91 27 
16 7 97 66 75 30 80 83 
28 20 30 60 62 48 39 94 
19 46 69 74 57 13 6 25 
74 47 5 88 42 78 96 82 
75 67 85 36 89 57 64 71 
71 65 68 20 66 8 72 78 
29 52 95 13 48 94 83 18 
32 11 38 67 47 93 11 4 
17 33 32 6 51 63 79 95 
3 22 42 55 11 56 66 17 
16 24 60 56 34 22 11 32 
47 58 28 4 5 9 87 62 
60 41 89 5 31 96 74 45 
82 70 78 8 20 50 86 11 
42 73 20 24 19 81 99 39 
37 58 87 15 57 62 33 18 
38 10 21 8 99 39 49 68 
85 38 9 35 83 44 88 89 
13 33 42 44 72 59 78 68 
36 1 70 96 73 96 84 99 
2 82 60 67 54 17 99 44 
5 10 78 72 55 63 47 38 
55 18 95 61 91 11 5 10 
94 96 37 20 58 54 97 90 
51 51 17 46 64 18 9 78 
12 22 98 0 56 7 68 42 
43 69 62 57 9 31 91 21 
77 75 94 74 49 18 52 5 
67 66 8 54 61 74 50 37 
0 98 60 38 74 40 10 81 
97 6 60 66 95 13 41 14 
63 85 46 18 16 38 88 55 
81 91 90 79 77 44 90 17 
4 13 94 27 25 97 58 60 
25 77 52 64 75 26 15 64 
18 32 48 97 93 3 1 9 
38 2
95 15 
8 34 
87 42 
47 65 
36 10 
29 52 
19 82 
11 41 
7 69 
83 70 
96 11 
53 2 
85 26 
46 37 
13 34 
31 10 
94 76 
50 78 
51 97 
31 0 
32 47 
2 47 
26 44 
59 84 
65 83 
78 84 
28 87 
28 40 
28 5 
77 31 
97 90 
7 36 
68 13 
31 17 
54 62 
43 23 
31 6 
24 27 
68 10
89 8 9 82 55 78 45 85 18 6 
11 11 48 19 24 97 25 40 32 62 
47 63 57 43 15 22 28 4 79 40 
21 41 33 2 63 52 8 30 0 28 
85 15 14 27 57 99 52 8 93 54 
51 32 55 60 12 78 31 36 20 0 
11 5 61 44 7 9 25 95 96 53 
76 33 36 37 26 21 3 40 61 98 
36 97 25 78 81 91 62 98 91 31 
18 31 69 44 78 51 80 59 96 22 
11 67 43 43 27 26 39 70 10 50 
92 76 60 43 61 68 82 45 71 96 
75 53 0 79 95 79 25 1 62 66 
27 90 41 59 61 34 99 23 88 60 
42 36 77 40 86 82 7 47 83 42 
33 22 47 35 86 38 67 7 77 90 
18 68 32 30 10 87 87 38 70 24 
14 26 91 48 67 56 19 59 88 6 
2 42 25 30 87 1 9 48 59 56 
35 47 29 83 7 58 38 77 93 52 
45 41 68 77 49 64 75 12 13 74 
68 9 97 41 90 60 88 22 69 23 
49 29 23 59 86 87 17 94 81 94 
82 35 76 9 71 3 40 37 4 26 
38 11 14 41 87 38 86 51 28 28 
9 61 8 28 52 74 0 10 6 43 
23 6 11 3 0 50 23 39 20 91 
79 48 77 42 75 89 55 67 1 3 
1 97 14 33 43 95 62 5 97 31 
53 84 84 81 59 5 99 34 91 61 
14 50 83 49 29 22 67 89 23 66 
80 76 45 30 75 24 60 71 15 23 
20 85 14 9 13 59 35 16 7 90 
55 62 8 73 25 2 12 32 49 90 
70 44 55 95 54 15 25 29 62 36 
96 96 56 25 87 19 28 51 34 72 
70 98 69 9 87 29 1 38 57 0 
89 51 16 13 17 75 66 55 35 56 
85 42 16 85 15 27 74 97 42 34 
41 6 22 57 90 82 40 83 34 13 
44 10 60 72 5 52 83 28 71 48 
86 57 65 4 9 80 48 82 19 36 
4 60 4 9 74 53 53 38 49 4 
37 52 69 34 78 37 21 79 92 62 
4 68 98 97 70 16 99 0 95 72 
75 38 60 13 86 69 21 24 31 48 
68 3 45 33 12 59 30 39 40 16 
41 46 52 16 66 15 32 32 67 90 
8 63 65 85 56 17 15 71 41 99 
7 24 76 23 19 3 97 98 45 17 
42 52 49 44 53 12 91 68 83 17 
21 60 55 8 90 72 3 27 40 22 
61 54 35 95 88 75 10 99 36 11 
58 84 71 47 29 10 22 28 48 83 
55 3 88 77 21 47 90 4 77 8 
69 62 89 20 43 28 54 12 27 55 
21 50 50 2 36 32 81 34 59 88 
54 72 45 89 88 5 4 72 12 64 
53 24 30 91 17 19 4 71 85 18 
1 66 93 83 69 45 11 73 0 95 
48 3 32 55 47 49 3 5 53 95 
77 12 73 75 45 38 85 53 62 21 
93 85 57 52 6 97 74 61 5 72 
67 38 85 38 15 65 91 89 30 28 
68 15 48 21 12 1 93 94 81 47 
32 80 22 5 7 34 1 38 30 12 
91 2 57 29 18 13 7 13 35 54 
32 91 26 17 26 9 6 41 76 8 
78 4
7 99 16 5 
90 91 99 64 
76 72 39 7 
99 2 44 96 
19 19 73 92 
55 68 57 73 
55 7 63 73 
87 26 94 47 
86 3 15 87 
99 27 2 92 
60 93 23 31 
84 53 37 47 
3 52 63 87 
39 33 7 75 
86 52 51 11 
9 90 66 68 
10 34 95 17 
53 15 64 89 
36 69 78 21 
89 1 94 41 
88 87 63 90 
17 85 67 35 
7 98 75 72 
82 36 46 46 
59 75 96 68 
29 14 52 45 
98 10 71 67 
18 62 92 43 
6 84 60 26 
77 17 80 48 
87 40 33 75 
8 59 67 71 
20 54 90 15 
26 52 49 66 
82 68 72 87 
98 48 85 69 
1 75 77 23 
62 52 72 36 
30 54 62 78 
73 87 79 52 
53 12 14 72 
69 82 89 45 
97 5 48 6 
77 32 19 23 
19 73 36 9 
77 6 82 65 
47 61 94 39 
89 36 48 53 
64 68 6 49 
74 51 19 98 
59 31 31 52 
0 13 12 29 
51 70 88 52 
81 60 34 28 
95 88 62 56 
29 58 21 57 
26 83 68 99 
76 67 3 93 
59 65 85 56 
31 55 38 26 
59 0 53 52 
91 85 64 0 
66 15 28 59 
84 94 25 34 
58 99 66 10 
40 70 21 14 
61 8 74 88 
25 46 52 48 
79 77 15 16 
83 17 28 15 
63 27 58 52 
7 84 74 6 
81 70 38 74 
17 57 33 68 
39 66 26 14 
31 75 21 41 
93 60 22 53 
20 52 94 19 
59 4
11 41 6 90 
63 82 30 59 
46 14 20 23 
51 16 2 30 
5 11 85 85 
67 42 14 17 
59 75 90 15 
82 49 4 47 
82 0 48 74 
68 90 43 75 
24 64 16 89 
35 38 5 65 
3 55 82 53 
89 39 4 65 
4 30 10 57 
24 97 57 88 
65 43 22 27 
81 45 96 5 
35 22 62 5 
93 98 42 13 
81 25 38 46 
3 7 63 95 
6 69 48 27 
4 3 12 45 
87 48 75 30 
42 85 14 13 
75 93 9 82 
82 84 45 33 
29 39 98 64 
77 8 31 80 
9 82 99 31 
22 63 10 62 
4 36 44 62 
75 28 21 12 
40 81 94 61 
76 99 91 89 
72 15 62 63 
91 56 55 98 
94 91 80 43 
91 60 94 95 
40 58 61 63 
20 83 52 21 
21 30 17 8 
96 5 96 94 
67 10 53 68 
42 20 55 15 
67 25 34 27 
41 95 85 13 
83 76 41 33 
97 46 48 40 
16 51 97 86 
47 12 47 71 
0 16 52 90 
40 20 96 67 
74 16 94 41 
18 24 74 27 
57 80 60 37 
10 29 60 13 
81 61 47 19 
84 6
77 88 29 97 31 42 
50 63 46 36 22 28 
52 7 48 55 62 30 
46 3 56 98 80 67 
45 97 74 12 66 92 
38 8 21 26 5 48 
16 26 48 11 48 52 
50 0 51 77 77 16 
93 53 6 45 50 68 
73 14 31 91 84 60 
83 52 99 52 24 8 
79 7 98 12 59 10 
55 54 0 73 0 57 
96 54 10 12 53 74 
57 28 7 76 89 7 
67 29 13 75 97 10 
73 2 5 44 51 92 
25 61 54 95 75 56 
58 57 80 70 74 63 
72 65 50 85 80 14 
99 38 12 46 97 61 
50 27 93 56 98 36 
44 88 4 16 14 34 
47 26 46 8 19 52 
44 79 45 28 92 11 
10 8 79 83 5 45 
35 11 21 97 84 63 
74 58 0 86 2 82 
6 15 84 70 39 7 
20 8 25 39 21 41 
1 3 91 21 54 23 
31 24 46 84 58 4 
85 26 81 60 68 98 
73 53 43 55 89 39 
6 77 3 30 28 35 
49 21 57 20 73 11 
95 80 43 88 11 33 
57 54 13 26 67 24 
55 62 56 39 81 16 
65 20 38 2 40 66 
70 72 40 20 93 18 
15 80 71 60 23 13 
65 73 30 69 87 22 
76 40 58 48 71 41 
11 45 41 42 16 62 
15 15 79 65 5 93 
69 78 29 89 33 75 
89 74 37 16 37 59 
72 54 20 62 96 87 
18 11 70 23 18 97 
12 66 0 62 18 74 
58 66 0 79 6 82 
35 51 88 84 42 66 
54 86 3 2 11 19 
14 36 48 53 33 84 
60 53 57 81 75 83 
96 72 42 33 59 57 
92 90 41 26 0 96 
25 56 41 67 25 63 
58 6 16 14 63 95 
85 3 63 78 4 40 
77 2 92 74 96 59 
9 48 10 35 20 47 
72 28 49 49 38 69 
53 40 35 25 57 69 
78 12 13 68 92 7 
64 34 52 30 95 40 
66 80 7 13 32 19 
16 43 82 68 40 34 
34 18 80 17 83 42 
57 9 58 37 50 80 
5 17 6 15 65 69 
32 46 55 32 97 7 
83 67 48 17 41 78 
7 93 35 20 6 91 
43 34 22 39 49 22 
68 46 32 52 53 99 
29 69 8 41 71 58 
14 51 97 91 73 17 
93 53 24 8 31 4 
2 33 17 73 50 58 
12 3 78 90 63 92 
90 31 6 35 30 88 
18 99 50 87 31 87 
91 10
78 56 19 51 88 18 17 63 47 7 
61 59 27 4 64 45 24 89 24 14 
42 59 51 60 32 72 58 25 53 6 
40 24 73 60 11 92 60 66 2 42 
68 15 36 96 55 4 91 90 5 94 
53 48 95 52 27 75 86 58 78 1 
16 54 3 19 16 1 41 93 49 31 
54 13 79 86 42 19 70 64 55 13 
96 1 62 25 43 12 57 32 10 12 
73 77 50 85 66 89 12 54 77 82 
5 59 40 92 86 41 76 8 97 4 
68 83 84 32 33 38 9 57 14 36 
41 57 0 47 9 44 57 72 33 33 
10 41 27 8 37 12 52 2 86 65 
13 92 8 10 25 20 66 35 1 24 
41 9 12 52 7 63 55 27 14 54 
84 48 20 88 95 59 29 48 45 97 
15 28 5 84 34 57 71 96 56 94 
6 37 63 14 53 94 93 39 70 49 
10 99 99 88 12 30 9 80 39 20 
29 28 28 57 44 23 8 53 74 30 
20 89 98 72 3 95 98 47 22 85 
17 16 64 13 80 37 18 40 13 22 
64 24 0 57 80 74 20 7 66 16 
18 28 66 55 64 60 66 5 73 15 
11 41 39 14 65 82 25 55 21 81 
35 63 43 73 22 26 52 1 0 82 
21 69 19 99 57 57 40 51 60 43 
8 70 36 69 34 52 80 6 4 34 
34 49 87 57 89 54 55 5 47 49 
72 53 57 17 93 87 85 81 11 15 
32 85 65 87 96 99 77 62 79 91 
80 37 24 64 61 21 21 0 95 6 
94 27 36 40 33 38 88 8 27 86 
11 73 74 19 38 11 80 86 60 55 
42 59 16 33 48 11 33 87 0 85 
67 75 13 70 8 18 82 62 17 82 
23 13 21 68 83 14 50 90 35 79 
23 37 90 73 10 90 58 33 27 39 
94 35 29 63 75 10 20 17 12 25 
26 60 32 8 9 30 31 14 29 8 
66 24 90 26 83 14 89 48 57 70 
16 84 42 82 38 53 85 39 88 51 
70 73 92 35 39 74 24 41 62 5 
95 21 36 28 1 31 20 33 81 83 
9 91 22 47 28 72 19 38 30 10 
40 53 76 72 28 35 88 75 24 71 
94 93 72 52 63 56 76 80 46 30 
46 74 3 91 83 40 41 27 58 42 
59 74 24 47 27 58 72 56 42 72 
27 6 90 85 48 63 88 42 88 21 
8 17 76 70 51 58 17 95 13 83 
13 60 43 72 68 4 59 45 70 34 
93 20 23 86 16 10 11 84 81 73 
19 53 31 83 95 92 20 49 30 96 
79 18 99 58 11 42 81 86 15 99 
93 4 22 99 58 77 44 98 45 80 
66 1 38 66 11 27 59 57 3 7 
36 83 52 58 71 6 51 86 57 7 
12 24 48 8 33 22 22 58 60 99 
70 23 90 43 66 98 51 98 25 60 
52 40 73 43 16 39 15 73 38 64 
70 0 9 38 73 88 21 96 93 96 
81 5 71 52 58 6 97 42 63 82 
79 64 38 21 20 57 98 71 78 35 
72 30 10 17 3 71 7 57 7 17 
26 12 42 50 94 44 33 26 17 46 
69 49 10 96 61 45 9 53 30 84 
44 4 46 38 19 33 69 62 50 30 
66 85 61 46 8 16 25 12 4 68 
89 41 58 47 3 93 42 72 88 51 
53 45 93 60 76 32 15 74 84 32 
6 29 67 21 86 26 94 63 74 38 
47 59 56 81 33 30 40 91 61 90 
53 19 83 39 41 86 66 18 40 18 
72 76 75 40 65 76 37 31 50 25 
91 6 61 51 52 40 99 72 43 34 
53 80 48 48 39 20 64 39 14 66 
77 98 24 70 57 24 77 99 2 62 
0 56 86 74 75 97 84 7 39 85 
91 61 47 21 1 79 86 99 10 39 
7 71 30 66 9 66 52 9 75 61 
81 71 45 12 37 33 36 71 80 30 
75 59 99 22 26 50 56 44 59 53 
55 82 23 26 15 62 38 65 57 95 
22 34 26 98 25 67 55 78 17 80 
48 40 35 68 17 67 99 34 69 59 
35 80 8 32 30 50 0 10 92 6 
34 14 7 46 37 3 87 3 47 74 
17 57 80 55 24 91 56 81 98 1 
16 92 98 51 11 52 53 23 33 21 
95 6
12 5 37 58 63 30 
52 47 23 89 89 64 
48 81 18 25 60 20 
46 39 54 98 75 82 
5 48 12 21 78 28 
45 83 56 77 17 89 
66 78 15 8 22 26 
44 56 76 75 36 37 
41 79 23 69 53 55 
94 70 63 90 10 81 
83 47 81 27 88 7 
70 87 28 0 13 1 
84 95 87 53 36 81 
35 79 43 52 34 34 
3 21 33 86 23 23 
80 70 44 50 13 33 
70 8 81 65 43 68 
22 22 13 6 42 0 
12 31 82 11 6 5 
7 42 6 81 1 82 
91 58 78 13 74 29 
61 70 60 99 90 90 
57 6 57 11 14 4 
60 4 9 8 50 6 
38 39 94 62 48 34 
21 23 34 77 47 32 
95 91 86 81 48 99 
92 30 28 26 78 89 
53 9 82 70 77 50 
19 15 47 62 69 57 
95 38 86 80 23 98 
23 9 20 69 56 22 
57 31 43 14 34 23 
50 83 35 5 7 24 
18 79 76 67 6 14 
3 19 1 63 35 41 
92 78 3 92 74 79 
10 62 43 56 57 29 
66 19 45 38 60 83 
56 60 14 40 17 0 
49 38 50 0 97 6 
74 2 8 73 35 15 
63 25 65 80 89 70 
67 91 63 16 42 68 
61 37 8 34 63 29 
43 0 17 52 58 49 
63 79 19 72 3 11 
94 16 45 31 77 32 
21 73 36 49 83 3 
62 43 68 29 68 88 
79 29 66 99 43 38 
0 10 63 18 64 38 
9 24 13 23 23 36 
41 54 86 32 78 5 
29 91 65 3 47 24 
96 4 60 42 33 35 
29 17 72 17 44 43 
2 33 54 79 15 58 
84 6 29 27 4 56 
69 66 89 46 85 2 
60 58 43 17 49 58 
5 62 77 80 93 72 
69 25 43 64 70 13 
45 75 34 23 50 10 
24 86 42 57 99 14 
1 6 5 70 18 60 
74 86 10 12 49 89 
40 66 47 25 63 19 
17 66 74 53 24 88 
92 72 28 0 17 4 
11 68 91 91 72 70 
20 60 46 54 55 91 
15 38 48 23 3 56 
50 66 23 82 31 33 
54 57 46 59 97 78 
9 26 26 28 16 79 
91 0 6 5 23 77 
52 21 2 97 42 92 
81 51 63 82 81 9 
68 18 8 37 77 2 
79 42 86 71 26 6 
3 4 21 45 55 48 
80 25 22 1 42 32 
6 84 5 29 2 54 
81 94 92 72 50 26 
61 34 51 78 46 48 
76 30 25 9 18 53 
40 63 73 52 25 8 
27 51 75 40 48 61 
12 50 16 59 72 87 
64 70 77 5 59 44 
2 92 93 47 61 19 
6 48 88 60 43 99 
28 29 21 32 17 58 
64 74 73 83 75 58 
64 3
78 70 13 
10 13 2 
69 3 71 
26 96 33 
9 85 20 
7 8 26 
8 96 48 
17 18 4 
58 13 40 
8 45 84 
14 14 72 
82 66 53 
55 81 9 
74 55 59 
89 63 47 
26 44 31 
73 17 12 
89 68 92 
55 66 51 
42 46 93 
49 32 96 
50 75 77 
72 19 95 
48 46 60 
10 50 9 
1 40 69 
27 24 58 
35 97 61 
5 39 99 
30 46 13 
26 19 5 
4 38 98 
29 53 6 
35 3 41 
29 9 75 
63 96 80 
8 79 94 
38 32 38 
63 15 15 
15 7 78 
58 97 25 
9 67 98 
59 24 27 
20 21 41 
89 34 62 
66 45 77 
65 83 3 
59 92 54 
9 64 9 
96 54 79 
98 82 89 
51 62 99 
85 19 4 
92 78 79 
72 53 56 
36 72 38 
94 93 5 
66 10 19 
94 79 91 
6 51 26 
11 25 78 
80 90 56 
98 70 10 
11 73 20 
74 9
28 4 76 27 48 89 13 67 79 
66 75 65 95 85 92 12 6 76 
4 83 11 70 89 38 97 13 90 
18 57 30 15 8 24 65 17 23 
97 84 6 39 24 30 84 78 84 
69 78 13 34 23 87 22 54 43 
33 49 34 32 41 20 73 98 98 
11 77 89 15 75 88 78 97 69 
83 18 15 74 5 90 92 31 34 
25 10 14 51 56 56 27 89 7 
75 0 24 30 21 5 39 7 38 
9 13 55 22 37 9 67 50 5 
57 4 65 36 15 52 59 31 73 
88 65 94 20 35 72 47 43 64 
39 55 37 59 18 15 51 63 33 
42 62 92 31 27 32 59 7 21 
93 87 80 85 81 51 57 60 20 
51 44 85 50 95 22 81 8 65 
87 54 42 43 66 37 5 53 72 
63 48 32 45 66 87 19 59 87 
59 17 6 55 60 4 68 6 88 
48 53 87 59 26 45 94 51 30 
73 62 78 91 16 79 10 62 87 
34 93 86 39 90 13 19 5 96 
82 88 86 74 93 42 32 1 75 
81 21 66 30 57 18 45 31 85 
71 69 17 18 25 79 16 4 36 
78 46 84 94 82 38 77 7 88 
90 25 7 30 11 86 9 12 22 
78 18 61 49 99 12 69 55 59 
99 71 0 99 25 75 44 4 97 
39 21 87 72 53 31 5 78 43 
32 74 38 70 32 51 3 12 31 
6 13 17 36 41 97 3 96 9 
20 41 24 60 87 73 95 12 87 
6 55 55 57 56 9 88 37 85 
83 56 54 48 43 88 45 88 29 
84 59 83 29 17 96 71 53 35 
82 81 31 94 90 24 59 38 9 
73 24 49 28 73 92 35 32 42 
61 76 48 25 94 33 70 79 30 
84 62 30 95 65 56 11 14 17 
87 18 66 14 8 86 58 59 5 
81 99 62 15 18 70 43 59 9 
14 95 0 70 40 48 92 22 68 
23 91 31 59 43 80 39 21 40 
83 70 41 60 59 67 35 69 97 
87 30 7 44 56 98 7 66 66 
7 95 27 83 82 36 25 60 99 
46 4 70 60 31 11 90 73 11 
77 85 21 14 21 83 68 31 76 
86 77 31 37 85 50 21 3 25 
37 64 5 44 65 13 94 0 78 
32 14 30 61 13 49 28 36 23 
10 20 61 91 19 90 72 93 95 
40 65 29 28 56 22 60 99 5 
70 41 84 53 55 13 70 26 22 
45 30 60 49 11 6 3 84 40 
74 94 62 81 6 27 21 7 71 
91 20 71 86 60 30 5 5 25 
5 44 65 2 12 95 4 81 19 
91 96 24 94 9 39 28 20 41 
49 61 94 51 66 15 37 73 0 
9 32 57 57 79 21 20 73 65 
26 35 91 58 99 2 88 59 50 
6 12 89 5 83 87 48 67 34 
51 16 66 70 52 39 45 98 36 
17 98 66 81 81 0 78 75 33 
60 12 34 3 21 20 55 81 35 
46 34 6 65 11 56 18 97 95 
2 56 4 2 38 9 77 65 24 
96 15 47 4 12 71 85 70 10 
82 14 66 75 51 27 49 48 20 
10 83 80 70 75 30 86 90 91 
