2
9 10
13113 17473 23957 16963 106 18127 24773 15453 6746 9863 
26174 13903 9389 22867 10705 25590 3551 13704 780 28401 
2080 22379 17588 10316 1122 32756 12399 32091 25520 20690 
21184 13289 21185 2478 23352 12691 973 10932 17643 21102 
15007 8272 25378 4848 24300 23605 9807 4365 2275 32676 
11590 10400 15365 31467 30377 12045 17463 17964 18084 4644 
26901 5983 5339 24137 27530 14746 5793 28626 413 27024 
14699 21425 17550 23385 8580 6995 17698 19825 258 10184 
14907 19714 23288 12323 32171 3942 1773 1828 19274 1255 
90 21
30279 2250 3999 13041 2235 21133 13367 12235 388 3180 17197 20846 9296 13098 11981 18241 4088 8973 30672 3694 3856 
30251 8844 25155 22204 6116 3175 3033 10180 12720 13713 21747 1515 21787 21235 8744 31101 1805 15458 30789 3880 4175 
2841 28909 2572 14155 31846 25218 31765 18195 27811 16201 14473 1957 32360 28616 21725 2926 16895 11379 11213 30220 28952 
6792 5804 8280 4798 12344 20728 15780 7050 9223 14897 26177 24087 27509 27115 11077 24501 3294 18979 6026 25954 18591 
11215 16890 19702 23930 2488 21770 1693 27708 28044 12165 17034 16028 11055 651 9962 30055 26195 4313 8727 25050 5704 
29515 11535 3663 31765 1694 4644 14877 16071 26235 3061 19641 8713 6577 20636 1057 2805 21443 23849 25210 18218 28578 
5456 7927 18975 1979 2910 7678 21687 20276 1137 13446 15125 4211 3305 15044 15537 29921 12570 12806 8875 31213 11843 
479 6240 14163 12228 4228 29244 23198 27787 14966 22223 31723 14544 28001 32290 12273 24578 27204 31563 31550 23297 29395 
17471 2755 13965 26138 27624 21907 15871 4194 17015 3048 15926 12888 20476 30567 29909 876 23859 12453 32684 13176 32417 
19945 24691 12194 21984 28468 26814 11907 32056 19326 8749 18313 20847 9027 1763 6553 3553 15422 7738 17657 28371 19061 
20917 15470 19972 27253 3639 12705 28037 4319 1394 8391 25803 4899 9121 16257 25603 11660 3450 21249 16805 10877 14942 
12655 1612 3834 32468 29323 27333 28777 6965 5011 31845 22426 8873 4711 23456 21766 20049 17387 18648 10836 4294 27053 
29555 11554 32195 19144 16176 18177 23070 21512 29627 14017 26621 846 2687 30448 17222 8758 3771 28061 25175 5112 17368 
18785 3832 14988 1530 12193 27533 14098 6357 8205 22673 2416 22722 12652 20031 21309 529 2972 32402 16862 673 17108 
21360 25582 2479 30765 7458 28132 18924 25441 1288 12783 8658 10706 6283 20261 7735 9934 82 23517 2851 2321 14265 
3929 1759 27019 22655 11945 19278 16228 20158 16587 8576 21822 2337 19991 13189 9146 31057 11995 12415 13629 30896 11586 
30459 30452 25930 32378 14722 6933 2825 22293 20842 28776 11560 7856 13298 21255 17385 1747 15759 6754 17035 2329 18304 
10373 31094 4241 15272 32414 26810 21091 6813 31417 5815 6583 10237 8911 16157 2770 12545 8447 28184 8578 8532 21787 
23492 28349 23077 8038 7143 22917 32635 18588 30175 26382 12232 11059 30937 20003 22978 481 8260 22982 9326 32606 7302 
24343 7549 4971 5101 19063 8668 275 28648 2028 13447 10801 2679 19143 14238 13362 20448 30853 15290 27164 10404 15092 
22913 32719 16305 32151 18808 6796 30937 23114 11801 17075 11139 14633 17446 8913 30112 10159 27964 14297 15073 11035 18603 
22194 9255 4632 20101 10994 13116 2460 8437 4842 16064 30993 2002 31970 27238 27059 19060 10661 28512 32057 23495 30785 
18711 14263 3229 7944 6688 8387 14409 30170 23915 32727 8041 13735 14270 14326 25859 20783 32098 1682 25044 19212 16413 
10670 16868 11507 31072 12608 8286 1079 9408 32729 5535 1934 24234 16007 27533 18968 23379 18427 27690 8093 18927 20199 
32361 5655 30755 17322 1344 10352 18876 15663 13566 3724 22689 26898 21215 20106 20742 18181 4829 29511 24035 13171 1994 
3108 14757 1379 22940 23050 14115 17310 13832 19883 22227 13588 12114 15114 15422 20604 32099 26173 6065 20283 21788 19825 
22582 26503 18922 21552 14786 29132 28058 13279 944 32078 8815 21899 2926 6161 21362 30949 20343 19958 1802 19594 16001 
8998 32716 23432 32503 3507 24468 29726 19113 12925 213 27588 12995 26963 31277 25707 24571 19547 61 30470 8975 22196 
6583 26441 26991 22105 22968 17585 27190 13641 5209 7364 8031 24037 16769 8858 24374 16025 509 28572 10764 12478 31442 
16780 47 18111 31441 22982 21530 17787 7789 25029 27880 19691 26058 30952 19727 29701 28950 20342 29002 23520 22300 29409 
31703 32280 18966 12103 8163 14964 32451 10814 24899 26566 2490 6865 31844 27667 9982 17094 2693 8180 8146 3363 13859 
316 17103 30192 5045 30939 8755 7997 29338 14339 3196 14183 14928 28809 29494 5272 10214 27789 13329 10637 32692 18781 
30774 14236 1865 22935 7643 25077 23461 29326 24597 1576 30633 10479 12526 32231 32459 16549 31160 11789 8206 21497 13729 
1760 9522 30206 6791 22931 551 21548 17421 10000 30920 6987 5358 19444 9414 9107 17041 11738 994 10257 16094 19932 
20064 3404 29777 25687 13240 31529 2124 27119 20366 19980 6066 12755 27364 9024 8625 31042 23951 1177 5343 4175 9191 
30551 12937 32737 31939 29262 15431 20733 9125 32580 8148 22856 31537 2971 5405 12487 15332 11312 25240 13546 31490 22658 
15319 15561 7632 24855 28253 25261 3332 9499 20656 1746 15482 19275 10160 28523 23336 529 30246 10727 16212 2800 27296 
4467 25348 5411 24445 7872 1207 11137 8516 25862 16466 14756 28474 24649 13405 27722 27187 30939 1903 28923 26024 24610 
25063 22765 20234 10907 12253 8996 8022 19231 16217 12765 2794 21349 3778 12077 25495 7625 24473 9446 24823 17483 24935 
19386 17152 2267 2291 21923 730 4820 26553 14210 1518 9670 6040 13830 1856 13688 3787 14799 11006 31533 28698 11987 
28761 28711 11089 29441 30099 20842 498 6181 16985 4290 17447 32012 3156 22279 23034 488 10747 31648 27848 23541 10155 
5446 17651 19549 13049 2058 12248 15962 20551 13466 513 4250 3733 11456 2459 3559 11674 4395 1322 22791 27155 31858 
29307 20449 25692 8022 18906 10722 21821 29256 31110 21919 1286 8235 13666 22972 14558 3674 28397 15628 2648 9709 2420 
14841 23879 16952 7815 16679 26580 26773 26281 3924 205 11620 6731 23171 10304 27215 24316 23129 32329 10707 5338 12231 
7208 27643 6220 28649 918 10351 19443 22062 6234 12718 32477 25018 22551 23960 764 25096 17512 5935 2007 14036 13102 
15774 3456 18232 31017 29819 966 29717 8902 18761 27051 2484 12088 21057 281 29869 458 10834 27344 15880 32116 28262 
16035 4771 32428 8167 29668 22995 10110 4225 11805 8014 12767 15146 16896 21577 15423 11872 1697 11229 17501 27570 18147 
5807 17503 24706 26416 8656 9762 23561 4974 15586 207 9884 2350 11133 21679 7725 21030 9681 14656 31764 737 27788 
12680 10256 20917 21502 6825 15496 6646 2682 26806 8215 8041 7680 9669 22600 9723 1306 26437 31134 12723 12036 11666 
22744 742 24335 25031 24946 8874 22343 26068 13679 5004 5716 27344 31318 31366 11422 400 30587 21547 27829 6520 27007 
2597 31471 24977 12058 31969 83 16348 13080 21897 1205 21222 14242 13363 13347 12701 26303 3672 4992 23906 19483 20871 
26735 6751 7174 7770 22643 8731 27583 12202 852 25675 16115 16895 7364 18924 3713 3914 18754 11918 11392 13015 16959 
1011 10627 2429 1407 21464 7963 25112 5059 5139 926 4665 677 222 27431 17179 26051 29043 23006 2777 21279 23257 
2938 9695 1734 29949 21508 25758 27056 13828 32221 8581 32744 6112 18690 21292 492 23585 28559 3794 9559 16910 21378 
3849 22717 25333 14786 4784 30423 10431 13920 10274 13536 4807 11804 14509 20542 15597 4395 26694 16229 23782 13111 7546 
27129 10710 25768 17832 11314 25120 12578 10606 10629 25468 26446 25953 12929 2379 19934 23297 16887 17704 10699 11756 21853 
9664 31201 8529 9332 16355 2942 27048 31785 11739 19607 18080 16569 6396 32507 31065 23321 380 12508 27348 5525 14469 
7819 5800 11191 16521 24963 3574 4458 2006 4265 9886 13663 12650 13778 10931 17072 24584 15494 7213 9668 14219 15876 
24798 22642 2171 20101 27304 14697 23006 12229 12268 29391 17744 3264 2117 13352 22870 8889 16759 17274 30192 31617 162 
10670 22381 7414 17340 32314 17283 20938 5949 5629 3231 28550 21532 6506 24442 15822 31227 17897 3821 25318 31135 24186 
20998 31093 930 3996 10331 13193 12140 19053 22686 11996 3679 23314 15730 24150 32594 15961 21629 11474 22081 31389 17343 
15653 11330 32747 18722 27484 27579 21346 18514 29510 27859 2528 27342 24627 13862 21979 1600 10746 13757 11404 15626 9025 
1597 18003 3361 7416 5214 32343 16670 25383 14495 21869 30610 30442 6457 7227 13466 10681 26705 2205 12724 32237 21105 
14919 24529 28800 12601 29356 20396 4117 22098 1055 29785 1336 676 15416 29729 28646 24009 19834 31629 15952 449 31794 
18113 24796 28391 4770 21771 32621 31779 24671 31420 5092 5986 18680 17719 3559 27203 9688 25927 25569 14099 32622 5046 
13641 508 24971 9243 25128 23161 20235 14835 15317 22797 6327 21491 13059 9525 7018 8605 9982 6043 10611 22290 14898 
19596 9019 29479 20461 15020 808 11194 5990 8681 24768 29767 18429 26285 12050 21174 29380 11608 14929 30327 3391 18925 
10435 17873 6504 22539 729 21879 3830 3872 1696 32349 27103 9945 19032 1481 540 24541 29281 2989 4268 1210 32351 
13108 1499 30495 29078 14747 5316 7501 23190 28482 6165 17352 32285 18179 13330 18258 10553 28610 23005 6937 28333 11333 
4084 32560 21398 23878 9211 31548 12110 29127 10684 29040 17041 12710 27500 23995 18910 5745 12079 5439 3872 9851 30175 
6662 16014 1584 5897 22256 720 13221 24121 22512 11363 8308 3448 21112 26686 7622 26898 4658 18870 20145 12445 7665 
11167 5317 10550 10471 11444 10977 7438 9240 19257 25163 29734 1038 25566 13824 19030 3791 6119 10313 9876 17932 24202 
7823 14195 16795 17816 12144 14570 3624 9568 5907 26455 25639 19409 17848 9155 19212 25310 15507 11624 31935 5671 11482 
5232 7498 15317 3357 18944 6869 1221 6358 29045 18901 30698 28225 22254 4480 15596 15981 12042 15492 31253 17299 1011 
16888 18798 29096 29595 6803 2341 5422 9029 30236 2866 21583 3144 25889 26682 17964 1551 19180 31156 5235 12645 11187 
16202 23343 10479 11023 13186 15077 6906 20143 21405 20700 12408 22862 24256 2492 25924 20962 4177 603 13742 2839 22948 
27347 17715 16123 24279 8152 25228 4859 15098 28232 3307 6158 20339 13572 24193 6960 8865 22783 67 23058 4544 16276 
2798 28688 23053 17181 31048 3939 15658 21953 4009 23192 17603 18061 23739 29248 26994 23750 14206 2794 8416 15742 24207 
8014 5934 20326 7337 4811 6035 4323 5740 22548 26694 5220 9565 28710 7582 5874 25647 21885 10359 25865 20545 10119 
9177 422 9319 10841 9684 17313 20717 28321 6062 23869 13529 13787 22849 510 31857 26312 13214 7866 18685 9756 24310 
22515 1486 26487 8123 16996 3711 2711 16130 2522 2683 22732 25132 31301 8639 30380 1477 7951 28386 7687 8108 27820 
21074 13342 11380 10355 2784 4111 11275 684 14207 1428 20889 5866 9800 2029 27307 18075 5314 31003 16785 8669 17761 
31055 32516 21139 3660 19106 20237 15800 17763 7430 19746 20212 11649 22141 31633 8813 18686 11145 18978 224 13689 7139 
28663 25072 29908 10095 7352 26814 18303 20336 17645 3769 31738 14329 3499 28856 22421 32164 7027 29254 31867 4997 18519 
11068 28910 15713 1374 21398 11220 31260 27434 8575 19059 29297 15832 19886 21369 16358 26664 12789 11071 8190 12766 13847 
7502 26544 13672 32475 7971 19224 22720 4958 12335 19821 19860 27821 31522 27955 23717 9107 7273 24753 109 12464 12789 
30374 4868 29387 6207 28472 4932 28522 30857 24877 17708 415 3174 32605 12674 27428 14972 21095 18620 31658 28809 15012 
11553 17007 24228 20057 26668 32271 30662 26673 3889 16028 23432 31210 6978 28144 3374 30542 30804 12866 7141 28005 3998 
24312 8265 6633 20802 26556 13098 5882 303 2514 16784 28435 19270 8105 25084 11581 25276 21168 3825 15746 12479 8042 
27315 12709 22108 24517 28751 15888 1440 20392 13787 782 30205 16331 9215 30266 30704 27339 18101 56 27617 8318 6988 
