1
100
14516 -6062 1
-11142 -25648 1
32080 23657 -1
-25949 -8211 1
8264 26827 -1
-3509 13668 1
-22078 -16257 1
-11697 28515 1
-1400 -16895 1
-17240 -21844 1
20575 3835 -1
5143 -4352 1
12288 28912 -1
-3901 -25907 1
-7822 -23708 1
16510 -13375 1
-20958 -32643 1
-21105 5752 1
-1513 -24170 1
-8466 182 1
-22350 988 1
23617 31446 -1
11725 16040 -1
-14913 -26169 1
-14029 28769 1
-14906 21571 1
28631 27613 -1
-30391 -27869 1
-16665 -25526 1
-2088 25844 -1
10213 26828 -1
-30561 1272 1
28975 -30914 1
-16409 -16222 1
1042 -7292 1
25452 22302 -1
-15435 5799 1
-2650 -5685 1
21692 8753 -1
-14406 5157 1
25067 16589 -1
3447 3184 1
-23681 6512 1
6554 -17697 1
15307 -26327 1
-15935 -1347 1
-8252 -30207 1
-8536 -7015 1
3561 -13483 1
-12221 29730 1
14091 -20449 1
-12202 -16525 1
22145 25197 -1
-25407 11459 1
-6732 -13149 1
-15103 -9831 1
-7697 1155 1
6225 -13084 1
30106 -28918 1
-8194 22282 1
-18261 -23442 1
-7362 -2912 1
-30419 28019 1
29091 -17612 -1
-24395 -9342 1
7325 -2565 1
-7701 -29144 1
18700 6722 -1
27951 -26733 1
29232 -9152 -1
3515 -31594 1
-5548 2623 1
17023 -19652 1
30215 15749 -1
23139 -2991 -1
27951 -8154 -1
19191 -25383 1
-20209 31883 1
23275 30826 -1
-23426 3688 1
-23701 -31100 1
16889 -5702 -1
30830 -15266 -1
-13010 381 1
1941 -27111 1
-621 8298 1
32331 -17306 -1
23437 -27886 1
-26229 -27342 1
-474 -24813 1
-27165 -17113 1
-9311 23761 1
28145 -24278 -1
16396 -7684 -1
15299 35 -1
4661 -17786 1
-15623 -9443 1
-6930 28197 -1
-17752 9853 1
-12349 -21374 1
