77
12 1
0 802 34
1 742 31
1 654 61
1 456 33
1 975 55
1 919 11
0 517 19
1 462 78
0 167 95
1 804 64
1 752 82
1 524 74
45 25
0 973 46
1 281 72
1 797 26
1 913 22
0 163 54
1 788 62
0 238 25
0 170 73
1 222 29
1 180 75
0 080 63
0 102 19
1 230 22
1 048 23
1 051 82
0 246 94
1 059 40
0 331 75
1 898 8
0 718 6
0 981 32
0 756 95
1 756 78
1 710 30
0 588 6
0 259 40
1 511 16
1 450 20
0 209 70
0 670 39
1 867 36
0 888 69
0 151 35
1 791 89
1 539 65
0 833 40
0 389 10
1 305 23
0 877 11
0 201 33
0 295 32
0 129 35
0 282 33
0 981 97
0 359 70
56 49
0 948 31
0 962 85
0 447 58
0 531 77
0 001 34
1 653 45
0 844 76
1 253 45
0 514 72
0 395 94
1 967 1
0 197 96
0 540 41
0 547 91
1 962 94
1 498 69
1 792 65
0 481 62
0 671 36
1 345 13
1 623 88
0 457 65
0 325 7
1 719 49
1 673 79
1 449 51
1 872 94
1 082 0
1 950 36
0 143 91
1 994 2
0 984 11
1 498 96
1 784 22
0 115 91
1 733 73
0 027 54
0 744 81
1 576 95
1 224 56
0 497 72
1 796 40
0 438 81
1 483 0
1 079 19
0 415 78
1 958 59
1 168 89
0 331 21
0 184 34
0 878 27
0 031 47
0 279 90
0 644 46
1 219 54
1 353 30
21 17
0 837 98
0 093 94
1 254 20
1 840 53
1 121 96
0 610 59
1 880 27
0 698 80
0 921 33
1 737 29
1 601 77
1 950 29
1 995 70
0 388 81
0 413 7
0 840 57
1 746 40
1 709 99
1 693 41
1 167 71
0 851 43
35 7
1 178 17
0 237 26
0 979 62
1 874 9
1 092 10
1 012 85
1 588 73
1 788 26
0 073 92
1 629 42
0 045 14
1 448 76
1 910 18
0 576 76
1 282 27
0 355 14
1 162 76
1 905 87
0 971 89
1 966 66
0 183 73
0 583 42
1 331 15
1 461 30
1 912 42
0 928 95
0 388 66
1 612 22
0 959 90
0 958 62
1 148 46
0 058 70
1 631 87
1 553 19
1 982 78
80 4
1 524 84
0 842 44
0 937 74
1 088 62
1 474 63
0 468 94
0 025 74
0 321 57
0 981 96
1 593 45
1 810 44
1 883 16
0 566 32
0 574 38
0 375 46
0 033 33
1 612 28
1 765 22
0 983 78
0 538 0
1 458 71
1 217 57
0 857 30
1 409 31
0 432 49
1 546 25
0 791 67
1 704 76
1 145 68
0 858 40
0 363 25
1 429 12
1 699 89
1 269 86
0 078 55
0 565 93
0 382 97
0 736 78
0 647 15
0 672 45
1 563 3
1 109 98
0 714 99
0 086 99
1 253 39
0 769 42
1 671 99
0 725 88
0 164 17
1 686 12
1 566 38
0 886 19
0 959 63
1 309 8
0 216 46
1 429 12
1 073 76
1 145 37
1 790 46
0 524 97
0 494 91
1 571 66
1 868 14
0 758 45
1 324 83
1 813 32
0 769 33
1 606 7
0 784 37
0 857 18
0 214 18
1 568 10
0 887 27
1 632 45
0 048 67
0 079 30
0 149 55
1 639 36
1 043 27
1 756 1
32 3
1 778 11
0 802 84
1 658 51
0 330 99
1 522 38
1 952 2
0 613 4
0 344 17
0 766 17
1 010 0
0 576 49
0 891 60
1 764 60
1 667 82
1 819 44
0 741 79
0 374 60
0 005 43
0 801 92
0 608 95
0 235 91
1 405 27
0 219 28
1 585 1
1 715 28
0 746 6
0 185 6
1 724 32
0 863 37
0 844 33
1 709 62
1 525 83
68 21
0 853 59
0 554 47
1 322 57
0 723 4
1 656 87
0 846 98
0 269 47
1 153 27
0 805 11
0 784 71
0 590 53
0 214 70
1 837 97
0 587 20
0 080 97
1 049 34
1 628 46
1 609 11
1 016 38
1 859 96
1 785 88
1 703 38
1 349 51
0 405 35
1 864 34
0 343 5
0 042 37
0 945 15
1 281 41
1 671 31
1 491 69
1 949 32
1 426 96
1 066 55
1 191 24
0 202 24
1 702 48
1 776 9
1 733 33
1 447 62
1 851 89
0 320 37
0 448 66
0 061 68
1 458 69
1 947 47
0 872 11
1 471 54
0 189 89
1 313 37
1 817 88
1 875 45
0 354 87
1 316 86
0 078 29
0 550 38
0 183 38
0 486 51
1 271 88
0 018 26
1 686 56
0 525 95
0 761 50
1 975 97
0 125 84
0 262 82
0 102 98
0 230 29
70 63
0 869 77
1 635 46
0 742 99
0 830 22
1 065 26
1 070 72
0 908 18
0 563 72
0 116 3
1 416 26
1 161 58
1 284 25
0 643 76
0 338 6
0 299 51
0 075 39
0 000 93
1 789 51
1 097 53
1 161 31
0 735 38
0 714 64
0 062 2
1 309 3
1 253 89
0 006 71
1 207 87
1 360 9
0 096 82
0 764 37
1 716 60
1 613 4
0 765 94
1 693 66
1 380 41
0 208 36
1 161 77
0 439 59
1 485 81
0 274 95
1 503 15
1 706 98
0 794 30
1 342 44
0 284 67
1 920 65
1 500 30
1 507 11
0 897 44
1 476 69
0 412 0
0 692 66
0 246 12
0 496 13
1 432 72
0 385 71
1 958 82
0 187 53
0 450 12
1 789 65
0 207 76
0 592 23
1 228 82
0 636 86
1 324 95
0 445 15
0 972 68
1 664 68
1 703 68
1 266 38
92 15
1 601 93
0 781 77
1 097 23
1 396 24
1 887 71
0 302 98
1 847 99
1 167 14
0 647 16
1 319 81
0 096 17
1 825 60
0 289 20
1 836 56
0 242 99
0 244 43
1 037 96
0 264 37
0 915 38
1 465 2
0 541 89
0 512 39
0 011 29
1 335 40
0 293 19
1 537 32
0 272 75
0 000 43
0 853 40
0 359 28
1 908 92
1 795 35
1 390 17
0 988 79
1 098 44
1 477 13
1 448 93
0 928 84
1 198 62
1 635 75
0 853 28
1 328 42
1 661 54
1 934 39
0 339 54
1 620 23
1 413 7
1 423 5
0 013 21
1 430 80
0 267 12
0 602 86
0 209 77
0 132 54
0 759 82
0 463 47
1 895 7
1 546 89
0 215 31
0 524 29
1 286 32
0 689 20
1 807 33
1 205 8
1 023 85
0 328 17
1 902 67
0 242 43
0 016 9
0 716 83
0 634 91
0 064 1
0 706 9
0 242 56
1 861 86
1 739 54
0 121 75
1 369 97
1 559 13
0 750 91
0 010 51
1 803 9
0 326 87
1 905 61
0 485 54
0 139 64
1 348 66
1 847 13
1 487 90
1 626 84
1 683 21
0 540 7
78 19
0 476 13
1 232 7
1 169 6
1 349 18
0 923 36
1 886 78
1 956 5
0 401 68
1 016 0
0 334 42
0 736 22
1 729 54
1 658 13
0 692 0
1 221 10
0 138 97
1 262 80
1 473 83
1 608 66
1 134 25
1 377 56
1 274 0
1 343 66
0 403 10
1 765 67
1 008 26
0 505 92
0 566 51
0 352 68
1 855 72
1 011 56
0 681 16
1 717 4
0 512 33
1 180 65
1 542 40
0 701 60
0 197 84
1 219 81
0 567 69
0 220 14
0 794 21
1 400 75
1 882 15
1 996 18
0 459 34
1 169 41
1 712 81
0 455 46
0 861 82
0 613 12
0 697 97
1 481 34
1 434 77
1 132 38
1 785 48
0 961 23
0 519 45
0 298 44
1 101 48
1 892 62
1 195 27
1 565 68
1 644 85
1 400 72
0 866 41
0 693 98
1 203 19
1 267 90
0 180 45
1 305 16
0 140 68
1 646 81
0 934 64
0 370 71
1 727 49
1 239 88
1 695 18
19 15
1 306 78
1 226 86
0 579 24
0 113 42
1 823 17
0 528 4
0 306 80
0 840 54
0 897 77
1 306 59
1 377 67
1 947 87
0 410 70
1 087 33
0 715 67
1 003 88
1 827 27
1 465 51
0 577 48
38 4
0 893 85
0 707 68
1 039 31
0 189 62
0 898 2
1 515 35
1 564 99
1 481 82
0 441 56
1 596 67
0 053 68
1 040 37
1 337 69
0 832 72
1 081 43
0 994 25
0 851 61
0 242 52
1 376 51
0 011 24
1 164 74
0 039 36
0 746 60
0 422 66
0 391 42
0 924 42
1 135 97
0 783 28
0 251 70
1 949 53
0 381 56
0 475 0
0 415 61
1 319 77
1 317 36
1 479 14
0 971 52
0 365 18
46 11
0 838 19
0 985 20
1 870 43
0 926 22
1 536 41
0 297 51
0 119 69
0 800 63
1 548 87
1 070 78
1 544 91
1 266 99
1 330 62
0 005 72
0 870 66
1 994 21
1 371 89
0 116 97
1 306 53
1 053 97
1 977 81
0 415 18
0 439 68
0 095 96
0 829 6
1 295 67
0 476 73
0 271 67
1 430 65
1 470 52
0 900 8
1 728 54
1 696 52
0 742 48
1 147 94
0 089 33
0 723 77
0 274 12
1 502 34
1 711 9
1 528 4
0 045 11
1 791 42
0 565 31
0 771 99
1 684 47
17 1
0 250 48
1 737 6
1 805 36
1 227 82
1 432 67
1 111 50
0 524 18
1 956 8
1 963 97
1 919 18
1 029 2
1 252 43
0 090 54
1 164 40
0 713 31
0 829 97
0 594 26
33 1
0 974 7
1 592 84
1 883 14
1 470 25
1 266 22
1 769 31
1 028 14
1 890 80
1 385 6
0 232 15
0 174 0
0 878 79
0 212 42
1 506 16
0 310 98
0 533 99
0 125 97
0 772 38
1 228 47
0 627 34
0 902 22
0 291 15
0 182 17
1 765 11
0 458 54
0 527 64
1 959 1
1 738 31
0 820 73
1 828 13
1 498 25
1 326 82
0 511 54
13 11
1 814 71
0 915 90
1 984 2
1 322 89
1 479 60
0 130 66
0 368 10
1 091 5
1 262 17
0 722 99
1 250 41
1 440 44
0 909 7
72 48
1 394 4
0 069 32
1 344 89
0 990 8
0 492 77
0 467 66
0 692 2
0 622 97
0 800 74
1 961 89
0 955 1
0 568 32
0 306 47
0 236 54
0 240 93
1 247 5
1 340 79
1 563 93
1 061 16
1 486 0
0 631 89
0 234 21
0 144 31
1 180 95
0 150 64
1 681 94
1 736 18
0 627 0
1 718 21
0 323 25
1 786 29
1 953 92
0 423 42
0 785 96
0 833 6
0 000 45
1 026 58
1 989 62
0 194 66
1 752 52
1 206 28
1 289 12
1 647 4
1 033 99
0 529 82
0 293 34
1 693 74
1 265 13
1 027 97
0 272 5
1 231 61
1 236 77
0 149 4
0 697 13
0 038 19
0 729 71
1 032 2
0 149 87
1 907 60
1 888 87
1 276 23
0 820 0
1 008 64
0 660 85
1 476 53
1 318 51
0 957 58
0 684 48
0 901 47
1 553 46
1 020 76
1 917 17
74 27
1 277 64
1 793 38
0 498 61
0 344 86
0 663 42
0 615 11
0 455 3
1 018 36
1 702 67
1 807 13
1 313 78
1 156 39
0 533 82
1 250 63
1 123 63
1 839 65
0 600 92
1 556 42
0 490 27
1 718 19
0 128 86
1 748 97
1 954 79
1 367 59
0 159 81
0 305 63
1 253 20
1 088 51
1 104 45
1 407 41
1 846 9
0 020 56
0 283 97
0 886 28
1 509 90
1 048 49
1 193 78
1 183 74
0 182 6
1 353 31
1 275 81
1 335 63
1 244 37
0 593 19
1 923 4
1 878 62
0 367 19
0 643 11
1 053 75
1 804 63
1 924 92
0 723 5
0 483 93
1 525 60
1 411 38
0 486 80
1 093 6
1 037 45
0 410 69
1 049 87
0 225 75
0 110 60
1 102 56
0 781 45
0 117 51
0 436 53
1 085 46
1 995 69
1 823 61
0 189 94
1 556 22
1 894 24
0 752 64
1 834 65
34 20
1 614 67
1 589 30
1 795 86
1 622 21
0 938 92
1 286 98
0 078 86
0 534 4
0 715 24
1 414 96
0 657 74
1 988 67
1 496 44
0 291 26
0 739 34
1 990 85
1 433 52
1 238 40
0 770 5
1 873 99
1 170 40
1 992 80
0 069 3
0 971 99
0 287 84
1 022 15
1 760 17
1 468 76
0 565 74
1 537 7
0 712 36
1 589 17
0 042 11
1 150 10
21 4
1 053 1
1 980 23
1 365 10
1 491 50
1 522 79
0 796 71
1 335 18
0 875 28
1 217 40
1 040 71
0 198 26
0 459 92
0 051 35
0 633 11
1 454 73
1 741 19
1 736 58
1 644 25
1 364 74
1 029 34
1 281 69
22 14
0 808 5
1 349 92
0 488 73
1 678 79
0 002 6
1 076 14
1 447 74
0 974 28
1 640 94
1 105 71
0 522 27
0 797 23
0 208 72
0 012 16
1 336 65
1 578 72
0 072 42
0 024 79
1 047 70
0 239 66
1 094 8
1 244 42
28 16
0 676 70
1 069 98
0 359 21
1 403 13
0 503 32
0 986 57
0 031 48
0 392 14
1 194 52
0 462 29
1 641 91
0 508 1
0 333 26
0 993 84
1 274 88
1 427 58
0 878 50
0 971 17
1 122 94
1 668 1
0 459 68
0 058 67
1 274 83
1 347 26
1 876 62
1 599 15
0 318 22
0 247 42
13 9
1 198 22
0 290 35
1 730 40
0 126 93
1 710 69
1 668 60
1 310 43
1 475 94
0 438 6
1 877 26
1 546 87
1 232 62
1 576 15
70 22
1 997 95
1 030 85
0 950 94
0 619 30
1 447 0
1 484 66
0 751 76
0 766 19
1 280 64
1 216 61
1 185 28
0 646 62
0 997 92
1 993 57
0 819 59
0 417 20
1 033 27
1 137 69
1 986 28
1 390 66
1 140 90
1 847 7
0 279 27
0 489 63
1 628 54
0 971 61
1 242 15
0 730 74
1 680 67
1 915 38
0 378 83
1 041 74
1 882 90
1 689 47
0 253 24
1 036 6
0 111 21
0 428 77
0 566 7
0 266 91
1 130 76
1 361 20
0 533 28
0 948 17
0 650 15
0 870 35
0 585 26
0 212 75
1 726 70
0 107 21
1 106 33
1 114 1
0 476 19
1 236 27
1 045 6
0 898 7
1 881 44
1 854 64
1 588 33
1 384 9
1 599 91
0 597 64
0 046 31
0 118 37
1 725 5
0 404 31
1 161 50
1 970 66
1 897 54
0 874 16
85 66
1 770 95
1 014 81
0 344 92
1 232 45
1 138 13
1 597 0
1 208 74
1 369 18
1 112 16
1 708 51
1 028 90
0 157 68
0 028 68
0 522 46
0 285 16
0 036 51
1 319 72
1 938 9
0 698 36
0 542 49
0 630 71
1 835 16
0 207 81
0 039 69
0 571 14
0 192 55
0 414 67
0 570 70
0 426 94
0 249 91
1 375 74
1 382 85
1 497 50
0 166 63
0 201 60
0 720 88
1 614 91
1 763 21
1 962 16
0 194 79
1 313 34
1 735 97
1 252 17
0 964 75
0 746 40
0 431 49
0 447 79
0 063 15
0 491 28
0 295 26
0 340 69
0 251 14
0 500 2
0 028 33
1 498 28
1 709 92
0 574 16
0 083 91
0 065 20
0 532 85
0 108 32
0 992 18
1 242 7
0 092 3
1 731 44
0 219 94
0 788 77
0 871 10
1 653 48
0 781 30
1 677 98
1 304 62
0 014 79
1 670 7
0 737 33
1 901 22
0 599 22
1 279 38
1 592 60
0 369 15
0 931 28
0 570 66
0 331 52
1 072 89
1 546 88
36 2
1 569 41
1 426 32
1 548 17
1 102 49
0 939 86
1 659 82
1 471 13
0 993 97
1 448 32
0 562 27
1 588 94
1 902 8
1 734 29
0 500 50
1 341 1
1 595 30
0 055 10
1 422 48
0 955 63
0 686 76
0 595 9
1 442 89
0 091 7
1 313 27
1 667 33
1 390 40
1 059 25
0 291 16
0 769 89
0 127 76
1 947 96
0 819 38
1 919 68
0 526 18
0 486 64
1 273 80
85 44
1 019 8
1 092 74
0 358 99
0 051 8
0 178 30
1 731 2
1 220 71
0 142 3
0 263 1
0 533 18
0 791 45
1 024 74
1 169 13
0 274 26
0 409 47
1 745 2
1 902 30
1 420 78
0 725 66
1 704 3
0 777 26
0 058 7
1 361 96
0 903 71
0 182 26
0 057 76
0 335 2
1 138 70
0 839 69
1 903 4
1 461 98
0 800 25
1 802 34
1 450 22
1 003 91
0 632 10
1 465 87
0 059 30
0 805 0
0 044 90
1 329 36
0 359 66
1 823 4
1 167 60
0 188 66
1 587 91
0 643 38
1 118 72
1 503 18
0 512 32
0 052 9
0 560 13
1 393 86
1 891 6
1 213 16
1 033 4
1 752 91
0 674 27
0 301 38
0 177 24
1 089 33
0 039 75
0 625 9
0 353 47
0 526 76
0 699 85
1 554 94
1 064 32
0 486 61
1 247 85
1 305 22
1 808 89
0 643 70
0 429 81
0 375 9
1 445 53
1 992 74
1 323 73
0 198 27
1 114 22
0 852 75
0 300 8
1 474 26
0 718 3
0 044 91
41 7
0 518 9
0 337 21
0 947 17
0 416 10
1 794 21
1 074 54
1 898 86
0 014 80
1 299 69
0 760 13
0 325 99
1 793 83
1 022 28
0 594 9
1 930 18
1 771 39
0 924 75
1 942 22
1 621 20
1 452 40
0 390 43
1 528 16
1 055 86
0 858 1
0 894 61
1 559 9
1 526 37
0 722 75
0 676 21
1 821 89
1 174 5
0 534 54
0 129 70
1 792 99
1 254 88
1 091 63
0 665 82
1 376 79
0 336 82
1 594 67
0 128 36
90 67
0 903 37
0 940 92
0 919 13
0 416 49
1 746 77
1 853 51
0 306 16
0 654 28
0 481 36
1 705 23
0 426 82
1 137 15
0 306 12
1 804 33
1 499 37
1 268 39
1 053 26
0 593 74
0 977 5
1 662 30
1 170 72
0 843 8
0 401 50
0 157 24
1 438 73
1 297 24
1 878 40
1 505 40
0 168 75
0 663 4
1 406 55
1 972 26
1 362 22
1 397 8
1 827 26
1 655 61
1 861 17
1 660 40
1 331 45
1 088 48
0 962 89
0 171 9
0 276 35
0 915 39
1 047 23
1 649 95
0 060 14
1 666 38
1 704 33
0 139 6
0 389 50
1 065 92
1 942 31
0 104 88
0 150 38
0 895 28
1 015 89
1 811 86
1 577 9
1 809 4
0 967 49
0 885 83
0 459 11
0 298 25
1 323 13
1 414 33
1 643 84
1 941 94
1 905 20
1 141 11
0 872 31
0 673 90
0 066 16
0 056 43
0 652 31
1 642 27
0 273 76
1 528 28
0 103 59
0 594 44
1 802 2
1 987 41
1 355 8
0 636 94
1 176 26
1 238 78
1 367 97
1 077 98
0 534 20
0 887 4
92 35
1 093 79
1 772 56
1 060 89
0 796 78
0 228 46
0 636 10
0 407 67
1 169 13
1 239 84
1 746 66
0 286 22
0 609 42
0 883 55
0 464 83
1 977 8
0 488 50
0 046 86
0 248 21
0 817 61
1 565 89
1 991 6
1 509 93
0 536 71
1 455 52
1 300 50
0 952 67
1 366 26
0 514 55
0 609 34
0 089 75
0 894 31
1 807 40
1 465 40
0 956 93
0 015 72
1 127 30
0 911 46
0 244 29
1 255 37
1 793 73
0 766 82
0 534 13
0 449 65
0 385 57
1 417 89
1 280 37
0 472 82
1 205 66
1 317 44
0 878 95
0 810 95
0 190 93
1 496 16
0 704 34
1 990 86
1 062 39
1 994 21
0 645 49
1 638 24
0 444 48
0 190 3
0 544 8
1 094 16
0 054 77
0 369 31
0 186 76
0 796 67
1 421 20
0 601 82
1 124 5
1 887 77
0 810 86
1 830 86
0 525 8
1 765 31
0 422 68
0 468 51
0 217 62
0 831 18
1 442 71
0 781 52
1 994 22
1 466 54
1 271 11
1 194 2
1 483 98
1 870 89
1 108 37
0 810 64
0 085 93
1 640 83
0 797 71
29 5
1 682 47
0 269 65
0 150 9
1 060 89
0 497 43
0 801 77
0 239 84
1 179 40
0 731 77
0 972 49
0 769 56
1 771 39
0 130 50
0 339 94
0 319 6
0 659 88
1 773 8
0 453 77
0 782 79
1 244 51
0 061 42
0 180 30
0 996 74
1 205 27
1 165 3
0 672 41
0 116 52
1 143 83
0 226 60
48 47
0 801 65
0 707 65
1 580 35
1 145 77
1 108 68
0 264 60
1 082 13
1 637 55
0 620 26
0 102 57
1 909 59
0 416 20
1 813 32
0 809 47
1 048 40
0 842 92
1 133 61
0 475 10
1 800 43
0 714 66
0 284 12
1 705 51
0 837 71
0 153 66
0 066 53
1 302 17
0 217 29
1 865 73
1 112 58
0 810 13
1 645 54
1 479 76
1 718 36
0 268 49
1 712 60
1 703 87
0 250 48
1 949 58
1 874 66
0 402 62
0 213 26
1 434 29
0 027 62
0 916 30
1 988 63
0 497 39
1 935 62
1 885 54
68 41
0 276 84
0 908 22
0 615 62
1 796 60
0 152 71
0 380 61
1 754 95
1 251 60
1 560 31
1 000 48
0 908 33
1 461 26
1 834 23
1 576 9
0 366 86
1 589 18
0 078 40
0 369 34
0 836 55
0 725 13
1 580 42
0 994 61
1 316 31
1 959 80
1 106 99
1 460 52
1 578 47
1 493 29
0 223 69
1 602 75
0 482 40
0 076 92
1 678 16
1 208 85
1 895 3
0 110 5
0 296 55
0 659 83
1 016 40
1 529 43
1 339 68
0 999 12
1 546 24
1 006 29
1 516 64
0 596 17
1 800 87
0 980 48
0 767 73
0 842 85
1 029 56
0 348 29
1 571 95
0 945 19
1 769 64
0 138 65
0 552 54
0 178 69
1 948 70
1 516 22
1 119 20
0 331 91
0 194 25
1 883 6
1 455 12
1 790 63
1 345 23
0 181 64
20 19
1 932 4
1 199 22
1 688 15
1 960 43
1 684 84
1 355 55
0 060 24
0 372 65
0 710 57
1 575 17
0 430 29
1 144 56
1 085 30
0 762 89
1 494 34
0 515 50
0 773 69
0 202 86
0 186 28
1 157 3
25 15
1 663 44
0 622 66
1 191 39
1 311 42
0 982 70
1 872 95
1 334 46
1 641 30
0 329 86
1 295 65
1 152 54
1 143 6
1 294 38
0 362 35
1 301 4
0 499 31
0 331 55
1 783 62
0 446 28
1 431 58
0 030 41
0 889 8
1 312 7
0 146 36
0 304 59
20 9
1 413 14
1 755 67
1 363 92
1 678 46
0 435 2
0 777 40
0 269 75
0 147 36
1 399 18
1 170 49
1 148 38
0 675 95
1 273 91
1 641 83
0 383 54
1 754 69
1 903 40
0 168 37
0 711 41
0 879 70
72 5
1 159 8
0 543 84
1 675 26
0 465 18
0 617 41
0 620 38
1 590 6
1 415 88
1 342 48
0 341 58
0 576 94
0 600 28
0 550 36
1 125 59
0 226 37
0 107 92
0 197 19
1 573 37
1 350 35
1 475 29
0 830 36
0 290 69
1 132 18
0 562 70
1 760 50
1 560 51
1 810 98
1 117 43
0 067 83
1 205 74
1 037 33
1 089 81
1 612 69
0 223 61
1 734 55
0 199 88
1 288 31
1 214 93
0 726 60
1 845 41
1 088 26
1 796 38
1 108 30
1 346 27
1 151 69
1 691 91
0 840 88
0 870 84
1 967 57
0 010 77
0 105 95
1 410 47
1 257 64
0 923 11
1 915 6
0 393 95
0 468 51
1 183 51
1 853 27
1 962 22
0 333 78
0 331 69
0 938 89
0 004 5
1 258 85
0 760 81
0 244 45
0 617 77
0 965 8
1 307 20
1 022 78
1 473 6
69 54
1 396 20
1 792 39
1 067 25
0 920 76
0 284 71
0 262 53
1 181 58
0 678 99
1 793 56
1 551 25
1 891 2
0 746 79
1 038 1
1 670 74
0 930 55
1 706 10
0 987 10
1 897 76
1 964 97
1 737 29
0 593 47
0 568 81
1 617 84
1 043 30
0 299 36
0 851 7
0 155 77
0 329 42
1 886 5
0 068 63
0 175 12
1 120 64
0 667 94
1 979 20
1 488 41
0 232 3
0 845 55
0 280 14
0 200 59
0 514 74
1 592 75
0 805 0
1 307 90
1 543 7
0 500 76
1 712 93
0 487 78
0 166 76
0 916 18
1 357 6
0 514 37
1 443 56
1 120 0
0 618 24
1 450 32
1 350 82
1 475 19
0 453 79
1 208 84
0 021 9
0 031 82
0 855 18
1 756 74
0 503 78
0 602 36
1 379 16
0 691 79
1 989 55
0 845 57
18 9
0 060 90
1 231 89
0 816 44
1 568 19
1 882 57
0 645 16
0 794 69
1 944 41
1 496 31
0 382 14
1 927 32
1 606 1
1 418 28
0 904 66
1 002 46
1 622 10
0 108 69
0 052 28
28 21
0 912 40
1 267 43
0 765 73
0 957 45
0 757 19
1 435 83
1 920 62
0 161 98
0 188 56
1 478 11
0 602 54
1 985 57
1 486 24
0 087 33
0 956 19
1 751 5
1 749 49
0 198 38
0 246 68
0 908 48
0 593 53
0 615 9
0 472 94
0 277 21
1 759 4
1 955 78
1 352 26
0 251 27
64 30
0 320 80
1 798 62
1 333 28
0 052 55
1 797 86
1 270 99
1 624 46
0 136 11
1 368 98
0 381 75
1 232 0
1 520 47
1 246 46
0 296 98
0 116 32
1 271 53
0 467 78
0 052 93
1 659 52
1 162 87
1 418 80
1 042 71
1 687 64
0 546 88
1 164 62
0 756 89
1 136 50
1 329 67
1 133 38
1 246 90
0 510 10
1 070 86
1 584 63
0 082 1
1 729 61
1 859 64
1 308 45
0 579 75
1 833 33
0 557 37
0 271 11
0 425 93
0 286 52
1 872 38
0 589 61
1 066 47
0 513 76
1 327 0
1 347 32
0 227 34
0 319 93
0 251 79
0 745 62
0 056 17
1 331 80
1 927 96
0 097 21
0 239 13
0 320 79
0 291 98
1 832 21
1 907 48
0 389 63
1 675 45
62 15
1 622 40
0 335 32
1 864 74
1 614 66
1 452 46
1 939 53
0 296 54
1 394 68
0 780 3
0 698 2
1 582 59
0 609 47
1 494 10
1 534 1
1 684 49
1 852 96
1 937 31
0 492 83
0 575 81
0 063 45
1 937 3
0 019 24
0 033 78
1 846 70
1 387 0
1 738 62
0 713 85
0 878 9
0 005 35
0 434 21
0 366 62
0 719 47
0 957 45
0 457 24
0 168 69
1 837 44
0 504 23
0 106 42
0 245 49
1 558 44
1 667 85
1 150 70
0 752 1
0 642 42
1 245 27
0 643 56
1 527 22
1 253 34
1 732 99
1 251 77
0 094 15
1 231 26
1 212 69
1 133 6
0 033 23
0 870 62
0 246 88
0 515 38
1 512 89
0 728 82
1 832 91
0 725 39
44 18
1 889 0
1 261 21
1 434 27
1 675 37
1 806 36
1 040 34
0 156 52
1 953 42
0 892 64
0 513 22
0 030 48
1 195 31
1 340 9
1 804 93
1 024 44
0 299 47
0 075 82
1 646 4
1 472 54
1 149 5
0 672 0
0 821 0
1 508 20
0 690 24
1 882 80
1 139 3
0 995 41
0 726 41
0 866 58
1 068 31
1 391 45
1 874 70
0 491 89
1 397 50
0 188 27
0 775 97
0 801 11
0 205 98
0 521 86
0 623 93
0 562 33
1 033 85
0 551 27
1 997 14
90 79
1 429 88
1 134 95
0 194 6
0 717 99
1 324 52
1 517 35
0 004 80
0 334 10
1 210 58
1 059 70
1 859 82
1 178 80
1 015 84
1 306 7
0 721 70
0 008 11
0 597 34
1 471 84
0 441 59
1 441 22
0 128 2
0 044 30
0 777 24
0 111 42
1 162 34
1 303 44
1 957 57
1 185 25
0 348 11
1 222 13
0 972 71
1 162 16
0 767 6
1 873 76
0 499 12
0 066 72
1 238 36
1 273 96
0 650 75
1 560 21
0 453 83
1 655 52
1 653 97
1 011 53
1 792 29
1 363 33
1 594 78
1 560 92
1 018 15
0 159 94
0 810 40
0 759 22
0 679 31
1 686 67
1 792 35
0 289 21
1 994 61
1 708 66
0 841 79
1 966 35
1 744 61
1 839 69
0 205 59
0 864 36
0 960 70
1 813 24
0 032 4
0 349 25
1 576 42
0 204 48
0 874 79
0 193 15
1 470 96
0 628 65
1 606 4
0 364 97
0 284 96
1 670 89
0 532 25
0 616 76
0 328 51
0 244 8
0 104 65
0 513 85
0 006 42
1 808 94
0 691 16
0 907 66
0 378 17
0 647 71
29 28
1 155 78
1 561 24
0 252 85
0 222 80
1 106 15
0 027 89
0 909 84
0 526 16
0 293 84
0 988 4
0 750 53
1 857 35
0 168 51
1 885 96
0 187 6
0 352 33
1 209 72
1 420 41
1 636 34
0 944 94
0 078 30
1 432 86
1 409 93
0 576 45
0 445 70
0 115 7
1 506 6
0 103 3
1 299 92
12 8
1 124 84
0 898 69
1 148 78
1 869 60
1 243 91
0 220 55
0 981 14
0 924 90
1 519 85
0 168 32
0 842 71
1 130 93
20 0
1 117 73
1 193 5
0 642 98
1 890 94
1 678 94
0 143 84
0 658 95
0 170 86
0 428 66
1 864 0
1 160 61
0 048 83
0 523 3
1 464 64
0 806 59
1 195 5
1 887 88
1 286 90
0 456 40
0 346 30
20 0
0 299 51
0 098 41
1 816 90
1 663 70
0 962 61
0 882 30
0 239 4
0 245 60
0 387 81
0 076 15
0 766 71
0 006 42
0 673 98
1 205 7
0 120 20
1 101 67
0 164 89
0 200 30
0 091 46
1 287 40
87 3
1 094 53
0 460 62
1 691 16
1 164 97
1 395 90
1 373 70
0 727 51
0 074 50
0 681 67
1 401 18
1 018 45
1 202 97
1 065 78
1 307 0
0 960 92
1 763 81
1 218 31
1 251 14
0 679 64
1 897 85
1 165 43
0 017 85
0 485 54
1 686 18
1 062 81
0 900 98
1 196 39
0 693 35
1 717 75
0 814 46
1 160 33
0 020 2
0 741 55
1 424 9
1 391 30
0 707 3
0 153 61
0 335 23
0 724 19
0 950 43
0 993 0
1 990 99
1 822 83
1 268 79
1 874 32
0 413 76
1 756 63
0 749 49
1 487 78
1 230 43
0 111 27
0 917 74
1 425 72
1 503 24
1 919 66
1 194 71
0 945 20
0 127 39
0 750 32
0 992 43
1 128 51
0 047 96
1 151 49
0 702 15
1 829 41
0 905 53
1 067 69
1 613 5
1 095 54
0 538 37
0 270 1
0 821 53
1 663 64
1 308 16
1 796 24
1 498 25
0 978 49
0 884 89
1 169 4
0 872 8
0 985 36
0 224 0
1 294 2
1 411 50
0 618 8
0 065 44
1 143 38
12 7
0 413 94
0 480 37
1 105 42
1 925 45
1 327 70
0 352 57
1 546 78
0 448 95
0 582 91
0 125 68
1 029 49
0 530 30
52 5
1 635 46
0 157 23
0 583 48
1 530 74
1 462 68
1 701 80
1 881 65
1 172 88
0 232 56
1 436 64
0 104 16
0 751 71
1 816 29
1 324 15
0 896 31
1 951 88
1 111 17
1 147 14
1 439 2
0 875 34
0 722 15
1 970 62
1 330 24
0 087 97
0 435 75
0 033 97
1 860 2
0 539 76
0 899 58
0 006 29
1 031 96
1 982 14
1 221 52
0 598 66
1 649 15
1 575 43
0 332 36
1 379 55
1 694 60
1 053 30
0 068 79
0 361 9
1 043 32
0 479 16
0 244 88
0 792 20
1 638 44
0 209 95
1 075 55
1 908 40
0 322 87
1 940 11
97 28
1 013 82
1 333 94
0 011 32
0 102 1
1 562 86
1 786 56
1 365 16
0 026 25
0 262 53
0 470 97
0 626 10
0 198 87
1 123 96
1 495 90
0 342 65
1 204 15
1 533 41
1 353 33
0 847 82
1 084 5
0 084 63
0 156 88
0 755 70
0 933 32
0 824 87
0 794 13
0 646 50
1 244 0
0 779 72
1 712 43
1 230 37
0 661 93
0 996 65
0 386 59
0 068 99
1 782 12
1 046 50
1 888 81
1 001 46
0 316 29
0 499 64
0 028 72
0 248 38
0 293 62
0 643 89
0 123 47
1 534 64
0 440 35
1 673 66
1 088 75
0 114 56
1 675 29
0 977 63
1 786 39
1 752 10
0 122 30
1 339 99
1 286 87
1 266 1
0 890 6
0 536 79
1 820 72
0 757 38
1 605 34
0 666 93
0 839 0
1 776 3
0 131 93
0 513 43
1 212 69
0 262 8
1 274 91
1 597 1
0 540 56
0 621 41
1 248 54
1 461 47
1 294 26
1 314 90
0 869 0
0 766 78
0 324 52
1 965 41
1 237 16
0 025 44
0 040 49
1 383 89
0 350 9
1 913 15
0 177 98
0 188 17
0 278 93
0 586 49
1 644 6
0 165 47
1 982 58
0 008 80
87 5
1 428 2
0 609 27
0 324 69
1 244 15
1 484 22
0 401 81
0 477 14
1 701 96
1 911 3
1 767 11
1 363 47
0 411 45
0 711 64
1 237 55
1 643 48
1 675 43
0 168 4
1 986 12
1 094 83
0 979 8
0 358 48
1 842 55
1 268 51
1 301 72
0 543 71
0 135 3
1 068 20
0 300 75
0 984 87
1 913 61
1 789 80
1 744 75
1 873 96
1 708 9
1 685 82
0 821 11
1 683 95
1 455 19
0 299 85
1 847 36
1 543 50
1 111 22
0 601 59
0 253 87
0 713 98
0 162 48
1 731 60
0 047 61
0 999 82
0 766 2
1 016 76
1 495 6
1 253 94
0 142 90
0 017 61
0 800 84
0 665 52
0 475 42
1 561 50
0 917 91
1 734 96
1 847 1
0 279 47
1 320 9
0 662 69
0 587 74
1 014 76
1 954 87
0 615 55
0 812 89
0 078 83
0 406 13
0 757 71
1 638 2
0 693 43
0 345 6
1 762 85
1 011 6
0 751 16
0 531 23
1 504 68
1 149 86
0 468 56
1 287 75
0 339 85
1 804 21
1 277 58
5 3
1 928 51
1 625 79
0 461 50
0 627 88
0 921 14
96 42
0 567 66
1 141 70
0 562 51
0 024 12
1 617 68
0 127 78
0 150 28
1 098 11
0 088 72
1 233 46
1 259 41
1 157 38
1 010 2
1 123 9
1 503 53
0 479 18
1 720 86
0 691 73
0 451 6
0 370 56
1 819 1
0 565 85
0 028 23
0 499 35
0 912 53
1 267 64
0 627 67
0 522 30
1 809 38
1 956 61
0 104 75
1 371 20
1 766 84
1 296 64
1 544 45
0 969 26
1 290 76
0 593 99
0 668 42
1 242 90
0 456 30
0 191 60
1 046 22
0 280 97
1 245 60
0 843 1
0 572 12
1 638 37
1 680 14
0 290 64
0 760 5
1 935 72
0 273 66
1 226 43
0 410 86
1 084 71
1 101 23
1 229 38
0 526 91
0 750 94
0 009 20
0 734 61
0 946 23
0 472 45
1 929 15
1 741 0
0 120 53
1 608 3
1 448 72
1 889 80
1 618 18
0 373 94
1 580 58
1 761 55
1 616 24
1 746 16
1 938 59
1 730 82
1 877 0
1 874 71
0 587 11
0 419 10
1 622 36
1 534 58
1 665 83
0 247 26
1 123 20
1 846 99
1 677 20
1 869 65
0 412 41
0 260 39
0 828 61
0 418 22
0 309 92
1 539 14
18 7
0 192 87
1 004 94
0 631 90
1 501 77
0 478 25
0 166 31
1 642 20
0 504 99
1 470 85
1 909 70
0 547 96
1 197 39
1 077 12
0 172 57
0 915 49
1 481 44
1 117 80
1 919 8
92 14
1 213 44
1 164 69
0 875 67
1 687 67
0 162 60
1 616 98
1 521 58
0 613 10
1 182 98
1 348 53
1 060 32
0 780 35
1 901 50
1 064 75
1 969 71
0 973 57
0 678 88
1 680 68
1 186 24
0 947 35
1 877 39
0 487 79
1 954 57
0 846 20
0 912 97
1 182 30
0 381 13
1 198 69
0 385 80
0 384 79
0 811 41
0 849 50
0 366 26
1 570 63
0 899 85
1 799 83
0 919 70
0 080 89
1 647 12
0 889 98
1 882 77
1 164 22
1 312 14
1 762 7
1 563 12
0 328 25
0 250 4
0 580 30
0 134 53
1 708 51
0 566 99
0 642 5
1 476 96
1 021 30
0 417 68
1 677 76
1 927 77
1 049 14
1 198 77
1 189 65
0 194 78
1 176 50
1 707 77
1 073 90
1 432 82
0 060 69
1 310 77
1 900 25
0 450 93
0 061 33
0 281 37
0 370 76
0 319 5
0 348 3
0 097 81
1 131 42
0 968 10
1 352 33
1 172 12
0 259 92
1 332 52
0 739 8
1 973 38
1 715 51
0 825 33
1 052 9
0 543 68
0 971 90
0 815 53
1 722 54
0 926 24
1 343 8
75 5
1 183 99
1 321 11
0 286 4
1 869 22
1 414 1
0 064 78
1 091 35
1 283 5
1 680 12
0 522 67
1 038 86
0 465 29
0 816 60
0 745 10
0 660 6
0 443 46
1 088 20
0 443 29
1 786 43
0 326 10
1 661 38
1 429 37
1 491 72
1 865 51
0 108 57
0 828 44
0 139 35
1 496 45
0 999 10
1 889 15
1 760 17
0 658 46
0 107 72
1 064 96
1 252 41
0 516 14
0 845 38
1 369 1
0 324 90
0 902 65
1 596 9
0 443 71
1 495 89
1 627 37
1 100 68
0 673 19
1 464 80
0 750 32
0 169 76
1 059 89
0 703 7
0 538 60
0 341 97
1 964 29
1 415 33
1 354 74
0 916 52
0 794 57
0 026 13
1 528 79
0 755 82
0 655 21
0 903 96
0 453 70
0 504 44
0 516 25
1 028 55
1 922 64
1 467 68
0 129 26
0 144 7
0 841 47
0 472 83
1 949 92
0 486 83
26 14
0 094 4
0 819 20
1 428 84
0 683 21
0 722 8
0 041 59
1 714 31
0 929 68
0 826 79
0 557 58
0 780 71
0 810 39
0 784 4
1 233 63
1 616 52
0 677 95
0 726 17
1 277 34
0 146 87
0 813 81
0 696 14
0 831 78
0 153 57
1 612 65
0 372 39
0 498 67
43 38
1 202 46
1 589 3
1 669 61
1 262 90
1 140 88
0 067 73
0 579 97
0 024 41
1 576 64
1 377 95
1 894 78
1 405 34
1 391 74
0 768 91
1 765 93
1 882 25
0 355 69
1 244 29
0 927 12
1 595 53
0 329 80
0 486 96
1 090 47
1 595 79
0 593 54
1 293 19
0 326 34
0 484 1
0 138 11
1 992 16
0 319 68
1 326 26
1 016 66
0 238 87
0 589 85
0 061 5
0 105 31
0 262 88
0 387 91
0 549 14
1 511 85
0 372 74
0 464 61
49 36
1 761 31
0 983 55
0 750 0
0 127 49
1 514 69
1 248 43
0 107 24
1 933 52
0 925 89
0 828 45
1 624 90
0 348 43
1 867 17
0 063 73
1 635 71
0 919 70
1 281 89
0 544 95
0 164 38
1 702 62
1 388 30
0 513 16
1 209 36
1 136 85
1 669 42
0 496 66
0 210 12
1 295 98
1 628 58
0 994 55
1 733 86
0 205 18
1 920 92
1 268 77
0 659 74
1 935 43
1 226 97
0 299 0
0 614 66
1 300 62
1 687 55
0 277 99
0 035 17
1 312 32
1 403 21
1 841 60
0 176 88
0 823 98
0 607 71
17 11
0 139 52
1 970 40
0 528 13
1 703 54
0 770 89
1 176 30
1 312 32
0 433 96
0 138 2
1 399 68
1 153 42
1 636 25
1 587 90
0 347 78
0 326 13
0 365 64
0 152 74
87 81
0 277 28
0 772 9
0 872 1
0 476 70
0 286 9
1 133 31
0 539 95
1 322 58
0 461 57
1 536 91
0 864 84
1 380 8
1 434 55
0 083 52
0 775 40
0 251 1
1 795 91
0 266 94
0 780 3
1 033 13
0 027 65
0 398 36
0 742 62
1 064 38
0 858 60
0 314 16
0 489 51
1 365 11
0 706 51
0 610 90
1 006 20
1 734 43
0 070 81
0 654 41
0 809 7
0 335 26
1 785 23
1 624 10
1 632 29
0 253 6
0 258 83
0 287 40
0 073 55
0 445 78
0 079 85
0 675 19
0 333 93
0 789 4
0 365 18
1 727 74
1 472 63
0 211 37
1 908 32
1 913 58
1 313 98
0 786 54
0 181 75
0 577 7
0 266 1
1 402 87
0 031 43
1 501 12
1 657 7
1 350 83
0 552 23
0 370 28
1 000 64
1 396 45
1 539 92
0 287 42
1 198 44
1 794 7
1 187 53
0 393 21
0 769 78
0 120 69
0 108 30
0 396 17
0 316 93
0 065 14
1 135 0
1 725 88
1 313 21
1 062 6
0 919 45
0 582 43
0 145 38
75 60
0 956 52
0 752 41
1 035 26
0 770 13
1 866 22
1 298 97
1 686 82
0 698 50
0 516 71
1 007 92
1 221 70
0 345 61
0 492 50
1 392 41
1 582 11
1 431 13
0 770 70
1 731 62
0 575 70
1 838 71
0 064 74
1 684 49
1 260 53
1 904 33
0 301 80
0 393 83
0 138 26
0 928 23
1 280 34
1 943 85
1 787 21
1 068 5
1 075 40
1 597 45
0 092 0
0 518 8
1 787 36
1 867 16
0 889 93
0 407 21
0 415 86
0 925 19
0 462 24
1 321 52
1 339 74
0 089 29
1 735 72
0 944 16
1 832 31
1 761 30
1 244 54
0 449 3
1 227 17
1 961 95
1 638 60
0 593 56
0 414 60
1 641 67
0 402 53
1 946 42
1 195 79
1 161 64
0 105 7
0 237 83
1 701 91
1 030 36
1 176 46
0 802 51
0 747 94
1 976 26
0 950 52
1 632 78
1 719 76
0 560 10
1 691 53
53 37
1 201 43
0 754 36
1 783 19
1 585 75
1 157 30
1 637 72
1 240 65
1 227 26
0 240 96
1 015 25
0 273 90
1 683 5
0 297 42
1 849 75
1 089 90
0 407 91
0 535 80
1 684 9
0 623 95
0 043 0
1 601 27
0 715 76
0 337 50
1 364 37
0 852 53
1 867 21
0 098 82
0 219 69
0 323 91
0 943 13
1 330 95
0 334 60
1 036 80
1 530 64
0 007 44
1 357 68
0 215 92
0 362 58
0 901 37
1 048 21
1 019 89
1 254 21
1 435 79
1 133 5
1 265 25
0 060 78
1 998 70
0 845 42
1 970 86
0 873 41
1 651 94
1 749 88
1 694 6
22 10
0 629 12
1 849 16
0 806 23
0 172 14
0 932 24
1 408 66
0 420 45
0 531 54
0 550 11
0 037 35
1 443 18
0 420 94
0 813 41
0 160 74
1 200 74
1 046 30
1 645 41
0 777 39
0 703 72
1 149 91
0 258 52
1 254 90
47 40
0 139 25
0 742 41
0 266 73
1 021 59
1 691 78
1 644 3
1 264 24
0 738 99
0 210 91
0 718 38
0 572 97
1 539 21
1 045 85
0 123 2
1 762 37
1 869 56
1 124 33
1 914 70
0 308 41
1 829 41
0 081 44
1 024 99
1 113 65
0 267 76
0 228 10
1 697 35
0 481 17
0 877 34
1 850 31
0 830 98
1 805 37
0 051 60
0 240 55
1 530 22
0 905 61
1 006 90
0 990 75
0 075 32
1 761 68
1 458 7
1 669 74
0 240 90
0 095 30
0 524 12
0 104 75
0 715 66
0 447 35
38 13
1 499 1
1 081 47
0 338 62
0 863 0
0 550 55
1 646 77
1 312 54
0 351 46
0 729 67
0 560 99
0 664 68
1 558 74
0 173 16
0 899 11
0 300 62
1 495 36
0 436 90
1 076 68
1 019 26
1 349 34
1 797 77
1 432 60
1 362 71
0 613 4
1 553 96
1 217 91
1 204 39
1 752 9
1 423 48
0 947 3
1 184 84
0 787 54
0 282 8
1 254 56
0 229 65
1 555 24
0 650 2
1 690 23
75 72
1 365 2
0 297 78
1 998 60
0 581 77
0 679 70
1 006 26
0 590 90
0 125 48
1 872 76
0 940 90
1 689 35
0 460 3
0 485 57
1 983 34
0 825 21
1 725 57
0 842 97
1 327 53
1 105 37
1 687 72
1 509 40
1 283 97
1 961 92
1 359 80
0 640 32
1 983 66
0 811 50
0 424 90
0 190 73
1 760 27
0 132 3
1 758 31
1 817 81
1 186 67
0 889 10
1 579 25
0 860 72
0 707 55
1 064 87
1 809 66
1 948 19
0 163 83
1 030 10
1 297 81
1 235 99
1 473 84
1 339 23
0 540 80
1 400 24
0 862 97
1 902 44
1 508 19
0 340 72
1 693 19
1 332 85
1 455 68
1 473 66
1 424 22
1 059 62
1 890 61
0 163 75
0 227 89
0 238 67
1 315 27
1 800 99
0 173 11
1 357 68
0 122 71
1 334 43
1 664 41
0 026 92
1 041 76
1 210 41
0 132 45
0 689 0
33 27
0 092 18
1 661 99
0 522 73
0 458 86
0 104 97
0 489 28
1 982 43
0 394 26
1 243 45
1 012 28
1 119 77
0 818 29
1 389 25
0 703 1
1 441 0
1 004 84
0 371 4
0 148 9
1 752 97
0 663 71
0 264 33
0 758 11
1 861 19
0 727 45
1 238 56
0 120 54
0 062 14
1 038 20
0 902 22
1 503 64
1 680 5
1 469 65
0 358 7
82 67
1 591 32
0 143 72
1 357 90
0 619 11
1 522 17
0 075 82
0 791 38
1 108 56
0 912 97
0 657 95
0 420 87
1 898 44
1 832 69
1 423 62
1 834 2
0 887 25
1 505 88
1 668 6
0 145 63
1 797 2
1 007 85
0 132 69
1 561 22
0 203 10
0 530 43
0 720 75
0 377 32
0 148 84
1 911 50
0 844 13
0 309 33
1 935 69
0 035 17
1 081 88
0 676 0
1 003 26
1 993 90
1 798 22
1 846 45
1 374 5
1 834 34
1 563 38
1 696 70
1 193 71
1 410 10
1 356 89
0 486 28
0 941 35
0 816 64
1 964 2
1 883 68
0 236 50
1 643 14
1 749 70
1 382 11
1 813 42
1 224 85
0 496 70
0 994 74
1 937 38
0 844 83
1 116 94
1 278 86
0 806 16
1 672 22
1 525 15
0 156 77
0 299 70
1 522 25
0 931 35
0 239 14
1 119 68
0 212 38
0 221 34
1 715 11
0 621 87
1 312 83
1 868 39
0 519 79
0 914 43
1 708 95
1 416 46
70 15
1 184 78
0 067 28
1 974 91
1 872 55
1 442 57
0 536 45
1 669 40
0 732 74
1 659 30
0 804 10
0 142 63
1 009 47
1 051 59
1 782 29
0 478 95
0 650 82
1 853 0
0 630 37
0 577 68
0 676 99
1 156 69
0 877 51
0 697 81
0 875 48
1 764 76
0 524 11
1 328 31
1 001 9
1 374 82
0 608 23
1 507 41
0 163 5
0 600 35
0 674 47
1 726 81
0 587 53
1 884 55
1 488 27
0 646 48
1 840 82
1 917 76
1 433 71
0 696 62
0 772 15
0 838 15
0 158 82
0 219 91
1 452 47
0 865 76
0 945 94
1 225 0
1 945 77
0 319 44
1 998 31
0 524 90
0 324 30
0 820 63
1 229 27
1 721 16
0 477 94
1 695 22
0 576 62
0 402 86
1 787 28
1 857 71
0 671 33
0 213 89
0 553 11
1 379 86
0 432 71
32 6
1 973 83
1 079 54
1 281 78
1 647 95
1 643 60
0 951 83
1 242 47
0 887 17
0 812 49
0 876 45
0 538 19
0 609 87
1 429 16
1 769 26
1 457 66
0 944 45
1 807 77
1 133 42
1 867 58
0 671 8
0 629 53
0 727 41
1 002 97
1 502 59
0 778 54
1 535 76
1 945 60
0 772 14
1 473 18
0 235 34
0 742 98
0 933 94
11 7
1 537 5
1 707 28
0 432 79
1 769 60
1 523 54
1 890 89
0 571 5
0 224 60
0 845 72
1 001 31
0 776 80
93 58
1 490 72
1 742 52
0 666 78
1 351 48
1 320 5
1 931 12
1 274 73
1 325 7
0 233 60
1 030 43
0 778 88
0 776 50
0 131 37
0 230 98
0 506 70
0 928 10
1 492 22
1 717 75
1 984 40
1 240 3
0 104 9
0 784 95
0 910 64
1 914 66
0 576 92
1 564 36
1 893 53
0 528 19
1 910 11
1 328 39
1 868 16
0 017 36
1 046 34
1 613 75
1 264 44
1 191 21
0 217 43
1 738 36
1 895 96
1 536 60
0 936 15
1 589 26
1 912 36
0 969 50
0 001 75
0 621 75
1 168 29
0 742 78
1 486 48
0 000 81
0 512 58
0 871 50
0 638 64
1 239 87
0 230 8
1 601 39
1 344 75
0 361 56
0 521 86
0 681 96
1 380 63
1 201 35
1 595 91
0 162 93
0 086 54
0 405 96
0 297 35
1 897 79
0 865 5
0 266 46
1 190 37
1 643 23
0 281 31
1 892 35
0 837 34
0 785 73
0 643 8
0 858 22
0 068 31
1 106 5
1 643 15
0 146 48
0 274 66
1 042 98
0 386 51
0 354 51
0 106 84
1 682 84
0 273 68
1 991 11
1 266 88
0 845 42
1 759 44
10 7
0 817 26
1 623 53
1 246 12
0 389 71
0 382 72
1 921 49
1 692 73
0 710 90
0 350 39
1 127 80
