100
612 586 102 665 59 997 14 800 258 778 53 929 99 496 788 148 519 886 378 429 706 178 674 199 196 905 368 295 289 343 829 237 851 398 9 70 39 956 889 358 574 9 465 84 348 702 51 846 278 972 593 687 408 131 87 886 588 122 853 513 426 439 619 753 28 920 14 135 113 577 714 792 701 254 256 525 862 380 499 30 834 203 533 897 887 638 335 581 652 414 329 355 902 260 166 215 645 902 588 636 
145 460 882 654 871 779 827 316 712 737 859 869 107 778 183 65 385 11 209 796 186 949 860 199 551 108 285 368 272 65 227 43 215 557 425 112 612 350 833 375 953 407 803 842 81 171 86 130 53 378 446 52 520 327 695 116 348 105 969 195 307 169 453 990 851 707 478 807 356 473 419 160 323 836 644 741 572 892 971 417 795 522 422 412 116 188 178 339 21 793 314 760 752 637 807 268 797 639 122 994 
63 618 593 446 773 825 798 902 228 118 430 720 196 348 384 20 968 907 908 27 282 300 127 208 902 935 92 901 245 433 844 474 293 65 778 778 935 365 624 742 66 65 774 990 822 344 757 333 435 829 974 804 986 644 320 690 957 29 898 538 139 753 469 821 206 760 262 323 729 498 123 684 164 684 340 107 458 886 604 581 245 802 255 919 512 424 446 438 644 856 841 58 567 151 533 694 795 685 54 713 
219 150 702 768 667 897 23 416 800 469 398 79 422 946 192 850 681 663 465 996 293 88 562 966 906 602 211 58 650 562 954 972 685 138 874 43 856 894 208 884 833 711 714 680 53 45 713 471 998 202 280 453 599 900 957 764 674 596 783 891 893 77 17 357 927 94 95 100 537 604 302 711 683 346 609 554 364 226 1 118 951 1 132 208 554 742 713 46 145 811 475 784 546 191 860 515 122 842 692 147 
424 923 274 258 464 927 706 644 411 283 800 750 12 676 436 438 750 492 543 172 37 280 380 105 699 831 586 22 964 22 170 401 987 786 348 44 270 966 806 743 776 278 879 327 333 426 17 398 611 71 646 124 520 154 5 766 502 199 324 383 598 625 904 621 836 563 467 285 879 486 653 649 716 12 494 433 515 572 571 424 394 599 319 352 512 171 28 992 709 461 530 333 385 69 446 415 178 428 439 662 
281 241 558 780 247 789 692 885 908 323 201 860 721 4 41 696 847 721 465 319 439 290 843 465 363 584 686 168 748 222 26 710 686 493 546 792 521 648 82 354 546 469 419 363 281 877 157 458 572 317 45 593 572 326 999 833 558 291 990 575 420 361 545 197 517 699 744 188 987 366 224 512 443 690 378 668 59 619 195 872 255 287 599 208 660 481 992 191 208 429 598 876 361 925 343 820 414 899 225 16 
227 456 4 192 297 788 406 55 941 831 778 561 840 151 137 331 783 403 299 450 771 360 855 623 875 569 17 434 465 21 932 100 355 700 569 617 555 681 166 349 881 615 18 382 558 477 536 747 621 475 731 683 150 794 49 681 562 847 194 591 206 808 682 113 617 82 317 243 344 875 35 685 125 579 821 582 788 488 855 247 454 818 581 425 696 564 107 225 854 885 288 3 157 198 3 270 559 860 977 686 
242 296 261 743 59 301 577 337 423 761 787 703 626 824 172 140 747 390 597 208 320 780 203 847 54 941 526 563 860 792 228 723 576 688 731 52 898 627 238 287 272 760 671 763 849 317 614 453 86 344 265 661 286 828 173 690 81 910 523 832 959 608 79 593 122 685 741 379 153 606 13 233 127 533 481 156 899 929 275 683 713 81 189 160 753 364 915 797 870 864 443 926 970 2 793 929 104 38 996 340 
706 94 901 134 764 16 369 385 617 259 549 310 844 451 929 825 481 694 408 126 38 917 142 540 532 479 891 594 194 850 72 96 36 379 159 414 872 32 128 570 209 877 617 510 143 116 614 857 599 392 185 31 647 299 580 915 885 206 684 76 816 882 488 349 151 21 299 658 121 223 422 72 485 621 921 388 490 861 851 999 833 235 41 560 210 132 659 298 101 929 509 559 75 942 101 886 963 547 392 377 
168 883 858 330 779 68 693 975 750 822 817 539 977 39 790 223 760 118 390 321 620 822 726 692 289 30 710 32 680 759 535 779 582 661 381 96 333 529 653 231 465 326 400 78 422 52 40 926 704 81 723 856 178 334 950 746 763 729 524 893 342 423 543 1 682 325 414 667 913 822 80 45 628 215 591 759 623 329 120 733 737 503 715 856 343 113 358 226 714 208 86 420 357 812 329 570 3 530 718 114 
425 729 510 0 752 519 559 574 406 359 222 938 469 679 365 584 820 615 845 794 108 828 422 341 198 701 524 478 227 749 460 893 68 307 504 73 491 623 111 523 890 670 953 999 723 560 545 849 839 727 868 508 130 995 889 697 167 836 321 414 89 879 217 933 642 580 646 470 23 495 696 151 331 758 786 531 538 451 537 1 1 611 674 423 645 5 25 607 169 695 632 457 469 398 741 776 779 76 543 25 
434 527 170 617 281 623 912 615 708 8 490 474 507 929 232 220 500 812 238 199 941 799 464 383 230 906 351 209 711 59 596 801 798 694 564 90 892 233 84 954 400 543 735 244 851 546 70 274 222 182 647 682 281 868 546 896 686 125 615 397 270 296 692 487 402 558 478 49 148 827 542 252 838 183 6 829 899 366 739 425 93 5 941 575 359 126 629 397 132 893 439 982 48 292 512 770 750 869 761 518 
865 614 549 605 622 481 911 831 577 492 280 370 72 823 520 174 406 532 794 445 313 940 133 987 77 55 759 194 257 428 829 369 227 74 929 38 872 805 699 858 415 70 60 804 871 764 118 624 21 784 72 761 419 576 649 676 149 25 930 304 629 458 41 483 946 887 763 502 389 411 562 364 4 674 936 815 346 846 954 844 102 848 56 296 859 234 884 394 656 986 241 498 945 769 398 819 638 772 387 646 
955 211 563 119 72 921 787 419 873 436 810 66 376 429 361 394 793 465 837 564 359 385 3 411 341 519 771 882 448 651 928 276 35 397 639 898 643 395 286 97 276 253 183 67 475 431 628 327 293 711 149 619 80 176 481 832 329 525 977 486 118 714 539 666 77 352 669 558 573 184 360 488 59 442 904 933 23 798 753 832 880 530 404 837 477 813 266 251 174 955 704 225 994 122 627 712 514 813 174 34 
318 879 194 625 710 195 518 299 548 441 191 36 360 299 57 508 36 25 439 83 586 329 511 307 18 307 393 541 152 100 778 502 166 42 300 539 701 128 440 642 642 777 119 763 919 50 973 767 847 971 871 136 262 55 670 178 200 669 61 673 625 189 48 522 237 967 677 886 185 672 959 452 729 958 272 766 491 703 119 527 828 853 459 451 579 660 559 136 843 343 342 860 940 408 960 663 19 223 582 18 
760 684 538 528 833 872 411 724 230 993 944 11 733 837 354 691 663 258 191 252 690 738 45 710 88 204 595 36 528 113 598 752 548 837 51 750 43 679 551 13 503 314 463 523 145 828 501 520 787 615 529 679 711 231 161 832 47 379 209 602 916 911 262 759 43 689 239 7 45 970 501 402 590 640 405 376 16 2 100 227 744 84 635 112 777 699 546 458 472 851 697 559 400 391 205 479 31 920 24 802 
128 147 93 889 522 604 602 729 826 503 910 27 773 440 749 791 824 761 242 514 3 197 364 493 26 834 12 441 974 100 198 647 877 576 646 101 549 190 61 286 191 747 180 368 793 741 984 269 156 536 383 162 728 808 154 996 444 24 363 939 786 611 960 367 242 594 41 123 134 733 663 527 791 581 413 323 246 465 628 408 837 343 593 649 951 734 650 434 132 177 425 128 362 727 919 865 9 809 413 973 
885 459 463 13 906 894 210 427 483 981 608 618 603 311 521 224 424 605 612 561 636 85 854 389 278 374 322 53 24 564 459 826 466 942 390 615 880 310 355 376 72 705 492 387 718 768 839 293 883 942 441 368 635 203 636 500 630 296 58 460 273 940 826 323 686 879 547 982 657 957 727 795 565 245 490 210 46 778 778 427 512 385 641 696 336 28 776 700 657 127 191 621 267 754 259 494 335 86 679 840 
245 931 462 2 961 256 983 431 820 677 523 887 711 158 195 624 317 793 5 390 353 618 888 384 654 324 221 69 422 499 170 463 557 63 417 248 711 820 998 170 566 768 353 635 560 677 888 616 753 463 377 129 158 872 30 678 610 475 737 472 403 405 43 203 495 690 544 706 244 599 197 628 645 628 269 790 428 869 751 377 116 977 204 709 958 882 64 438 215 998 87 517 719 749 498 419 869 420 282 482 
673 378 652 548 786 265 830 400 289 623 153 225 478 310 55 314 626 992 919 216 309 423 574 254 720 59 608 783 549 293 96 71 630 597 540 450 548 263 85 442 409 411 869 723 279 405 290 289 250 434 858 804 404 316 527 355 280 215 621 583 473 157 241 969 123 975 517 703 554 638 409 587 498 289 84 276 487 943 524 977 598 23 322 843 772 678 65 954 949 753 888 347 711 292 462 65 217 962 574 218 
30 141 131 667 950 969 622 838 974 340 702 578 423 465 158 516 53 549 797 349 729 561 706 916 633 17 63 174 582 516 880 451 31 566 675 211 140 50 714 904 141 284 951 757 923 814 87 319 255 169 123 300 371 646 11 210 438 621 603 40 716 558 242 171 444 671 416 674 659 181 233 50 754 430 496 873 516 551 237 293 147 817 465 957 539 369 842 923 694 360 898 104 953 56 341 920 759 185 59 440 
549 434 226 629 414 940 48 678 600 667 143 21 399 974 42 170 416 210 719 601 801 298 94 965 455 634 801 861 527 875 563 53 65 233 78 304 18 940 112 621 489 884 750 168 748 392 556 946 332 537 731 563 455 698 52 919 524 499 885 391 900 711 913 522 911 354 652 819 132 599 216 77 246 968 105 172 995 23 504 526 366 838 910 906 720 794 199 423 682 517 729 528 630 163 117 246 543 461 381 695 
318 285 375 886 614 809 969 555 307 627 405 773 814 416 927 572 260 856 677 396 664 902 646 527 533 976 438 90 561 337 641 995 271 869 933 745 859 949 437 148 915 164 804 247 652 0 95 820 35 125 958 150 190 223 820 492 25 94 700 845 853 119 215 631 518 729 723 349 620 517 782 792 421 561 268 204 840 670 365 911 373 345 539 694 428 935 842 72 587 733 448 695 451 295 759 292 189 439 833 18 
57 760 452 942 952 787 622 61 555 90 634 959 434 996 635 730 994 80 481 226 297 309 322 288 372 9 571 209 707 152 447 72 778 584 230 62 772 546 482 929 651 348 902 851 675 293 792 357 952 120 608 459 836 45 913 201 382 988 888 462 96 916 931 688 839 939 613 929 976 510 487 80 737 115 808 555 454 189 39 132 886 104 40 817 181 366 374 169 394 850 57 371 748 586 984 505 280 202 200 398 
958 855 533 483 870 417 704 816 429 908 971 777 292 664 697 430 210 432 881 624 73 329 596 641 351 988 324 860 822 101 768 101 13 260 309 33 16 164 744 689 318 642 665 707 114 856 906 970 565 907 633 927 529 514 897 447 961 680 928 711 935 716 732 982 197 606 295 554 433 157 93 78 979 87 996 498 816 88 939 419 20 191 86 365 92 613 529 582 930 727 27 20 4 14 381 66 703 582 922 799 
287 11 954 128 331 907 90 191 7 119 406 539 417 955 489 154 536 185 700 613 978 697 181 139 934 549 178 384 553 73 719 447 732 0 4 830 125 805 635 681 813 63 856 170 427 841 346 439 391 216 489 188 425 126 672 579 771 63 764 817 68 706 470 338 599 514 566 952 179 918 40 400 276 454 948 462 90 455 184 59 328 736 921 963 120 286 570 84 316 813 115 787 472 608 214 313 239 298 294 574 
212 654 41 101 186 645 48 113 509 214 92 246 539 666 123 443 45 488 971 22 586 246 150 496 518 178 15 299 382 448 324 625 936 693 861 303 249 107 860 594 854 429 645 464 127 350 168 675 249 477 532 993 44 932 662 224 324 249 730 456 43 948 130 273 503 914 749 918 456 738 265 994 660 758 444 802 718 412 231 251 149 37 860 222 601 253 850 329 308 693 703 873 150 902 357 764 289 703 744 787 
174 712 551 639 295 55 112 812 615 131 433 844 687 920 124 165 155 483 91 413 20 350 373 564 383 765 831 428 110 178 911 677 525 630 877 476 960 377 66 740 34 677 229 365 945 614 284 436 49 548 864 924 78 563 365 707 102 882 712 368 310 732 569 284 612 212 579 454 917 588 978 460 248 800 789 878 834 110 787 813 75 425 58 620 929 414 630 174 115 182 104 232 833 957 63 0 683 530 867 839 
799 752 311 75 439 141 150 688 562 905 642 535 777 281 737 807 852 253 145 764 751 14 981 749 688 948 529 146 274 239 122 974 70 205 18 81 472 459 226 642 704 463 344 235 379 334 836 564 497 97 142 205 480 781 498 958 249 75 126 201 833 189 603 979 259 250 610 207 963 100 641 436 438 752 182 776 321 222 700 820 39 306 108 153 295 306 445 675 725 672 735 342 24 274 740 287 492 928 856 36 
745 294 354 310 3 244 700 878 259 402 80 278 790 135 91 961 333 228 487 29 389 812 99 440 495 47 837 409 499 88 547 384 96 163 270 281 703 378 769 29 297 754 833 954 126 418 164 140 248 612 463 227 879 71 147 991 806 412 607 633 302 703 268 764 746 177 397 444 210 100 213 806 987 974 294 944 23 417 887 130 378 106 622 485 133 761 902 723 806 392 170 792 63 864 91 543 637 160 686 208 
796 856 418 552 170 645 600 353 521 437 611 300 41 942 83 868 454 929 109 525 717 133 285 333 4 554 647 89 467 58 193 755 30 63 21 699 292 473 134 364 29 446 713 481 239 311 607 983 209 665 71 980 52 897 353 408 647 796 56 163 306 702 920 120 78 640 225 216 323 280 849 242 17 756 361 897 955 918 129 982 136 719 582 64 236 301 949 90 415 119 0 220 284 275 736 340 477 13 483 390 
445 243 873 489 22 110 978 701 388 428 994 330 34 884 759 986 139 849 754 154 796 251 412 644 672 82 156 769 291 572 742 277 524 425 509 227 717 990 244 275 188 551 418 802 767 456 676 577 923 397 391 992 574 960 719 980 726 547 865 838 953 215 504 790 638 476 166 120 836 146 632 862 450 887 256 182 567 930 733 901 355 688 357 540 669 213 206 3 150 214 426 291 493 340 529 608 853 466 195 838 
181 299 638 163 254 926 540 638 266 76 585 415 258 284 556 279 65 483 580 345 168 978 805 113 9 83 138 499 680 517 285 671 150 440 781 348 128 506 176 579 224 628 681 502 834 935 299 232 578 747 407 638 612 624 378 439 196 550 139 464 847 403 835 915 513 531 374 440 816 821 9 260 705 131 189 778 570 442 3 504 624 715 207 371 370 521 162 109 45 883 363 662 530 789 118 712 333 266 448 464 
278 949 994 946 501 257 604 715 866 260 795 741 451 835 830 799 474 458 813 347 454 660 667 717 352 154 46 216 505 847 596 834 691 91 489 747 773 789 910 18 338 967 140 905 140 61 377 35 476 278 394 386 614 263 698 877 691 636 706 658 63 976 202 664 909 798 494 553 511 177 652 550 586 489 213 732 833 847 211 653 841 244 146 538 781 509 129 623 371 953 291 351 566 93 369 458 541 512 186 332 
540 371 630 104 890 108 295 805 811 851 713 159 247 203 644 889 347 485 120 826 662 250 168 846 174 840 529 719 108 487 381 826 517 596 899 935 282 758 74 484 651 231 830 449 128 892 409 377 0 17 622 55 285 719 114 311 415 431 604 807 880 172 534 861 696 812 540 155 707 959 877 673 527 188 760 417 826 399 601 713 796 199 147 804 944 208 312 690 649 748 303 314 347 63 974 805 399 411 960 876 
859 121 208 356 217 121 191 353 671 932 19 154 855 560 928 267 559 684 283 472 996 709 365 225 675 80 508 336 545 128 752 603 115 2 213 830 24 400 372 937 205 819 871 266 361 668 757 28 499 469 490 224 784 435 11 986 250 726 977 912 653 365 372 303 836 252 137 935 923 199 575 847 422 507 774 467 402 827 913 133 346 1 574 827 566 853 796 440 670 627 236 837 541 24 227 568 828 101 943 517 
420 895 95 389 529 566 448 645 595 308 237 792 134 841 279 167 796 557 758 656 521 525 710 189 160 282 53 991 117 438 461 810 850 600 717 98 949 914 556 838 154 657 57 909 877 668 988 982 763 177 729 100 66 285 999 362 758 51 308 19 941 734 163 53 685 930 552 135 556 592 171 561 896 384 28 546 273 284 798 552 284 82 30 395 785 891 110 291 183 442 773 100 222 351 930 799 925 772 433 355 
205 295 700 403 934 506 758 233 769 607 604 467 845 144 541 398 142 678 924 993 115 376 723 307 399 999 282 911 938 448 520 846 200 769 264 805 283 775 184 354 724 143 551 329 696 435 165 356 513 640 728 26 834 206 452 407 823 47 146 797 924 84 692 784 525 412 87 680 486 214 266 827 20 50 886 354 220 299 63 213 562 583 755 729 452 554 48 632 832 911 858 409 915 241 621 114 684 281 568 324 
689 281 683 894 448 841 730 532 864 583 418 609 329 204 804 283 145 781 856 838 441 663 628 548 544 751 540 635 94 712 516 807 635 470 676 330 16 147 147 169 910 104 207 41 374 87 620 650 690 518 12 346 418 30 69 789 505 181 633 148 153 465 842 211 899 14 276 0 948 722 72 112 469 182 894 540 938 400 122 869 461 831 907 403 211 790 208 484 327 605 179 307 478 188 635 767 123 881 772 998 
220 668 618 754 789 873 270 995 243 966 799 756 899 54 957 418 252 373 475 602 907 829 947 770 134 576 158 412 546 775 708 583 720 210 0 102 646 969 79 988 962 658 387 440 45 796 372 262 421 564 406 118 435 398 728 817 399 750 12 465 776 135 651 704 785 228 379 636 648 533 163 33 216 308 421 128 769 865 845 967 815 35 482 88 241 360 339 191 2 182 740 486 949 442 497 475 269 418 18 452 
539 830 79 106 107 796 918 804 545 573 403 957 976 41 823 113 947 730 852 795 656 928 295 651 569 841 95 703 941 363 126 655 127 164 950 37 957 658 229 765 372 735 788 425 433 496 188 568 11 30 666 232 520 236 965 145 741 281 853 124 554 769 782 964 284 39 382 428 765 246 651 618 689 904 536 650 395 126 210 213 24 50 902 27 201 401 517 463 631 685 202 867 74 458 475 572 482 463 775 502 
746 103 120 747 162 601 976 912 820 852 232 281 337 783 471 102 61 840 288 182 472 708 831 59 150 607 565 821 562 948 322 412 870 54 675 152 358 616 692 116 582 642 935 851 208 725 309 377 139 161 93 652 401 509 219 452 647 511 355 761 122 741 470 5 784 883 68 74 677 245 523 397 71 120 174 779 188 876 378 394 923 484 85 75 544 985 103 263 948 356 22 56 436 827 925 825 584 422 924 600 
583 754 870 515 825 493 214 769 429 971 428 395 885 121 823 123 470 768 779 99 812 676 613 680 70 694 180 577 582 159 507 595 372 373 388 463 899 859 959 302 915 484 931 547 713 968 44 618 508 762 30 264 289 361 657 387 658 798 757 123 74 165 720 2 708 144 758 624 261 968 952 401 230 389 920 715 775 576 356 626 585 303 897 527 802 953 481 241 198 634 968 26 572 401 412 541 551 769 915 846 
630 853 146 171 791 399 219 153 191 546 542 291 996 302 747 278 831 581 126 616 524 132 845 307 500 947 766 12 997 528 124 601 176 737 364 259 76 962 907 583 761 902 490 531 335 568 669 376 0 260 272 666 531 258 978 384 34 235 911 992 439 367 833 130 746 662 143 857 398 29 553 653 501 788 34 884 561 253 78 834 917 592 470 390 251 949 754 600 567 585 615 904 99 37 353 992 708 90 586 469 
205 290 820 170 644 163 643 125 698 405 111 902 638 63 681 565 476 645 43 995 401 668 285 948 802 721 485 284 342 303 510 680 242 399 325 870 404 413 896 111 602 880 231 915 435 818 808 46 670 753 510 770 361 278 969 637 741 644 516 189 913 467 835 849 851 821 475 953 910 736 79 9 265 502 855 977 332 49 324 697 57 723 74 588 720 557 892 258 634 998 63 659 363 870 424 880 442 452 7 780 
275 757 352 531 671 598 495 817 729 604 180 998 997 433 679 505 660 306 150 715 803 479 997 734 157 386 245 526 22 923 608 870 361 916 748 469 244 697 382 858 83 682 665 438 146 804 599 274 119 908 14 153 703 750 447 223 903 77 212 546 198 676 527 207 410 308 243 856 168 903 309 453 224 141 474 816 296 492 288 342 16 637 861 563 317 516 565 789 730 57 570 12 412 581 268 168 181 847 916 875 
995 216 91 416 506 651 248 13 767 353 298 549 950 347 11 713 231 682 62 328 444 556 514 844 167 783 126 591 649 635 791 414 878 211 265 421 727 773 731 916 784 50 670 968 203 319 655 220 628 885 906 129 303 231 641 739 567 626 422 247 472 57 998 978 495 130 694 908 369 186 74 797 329 680 468 526 574 881 393 707 524 808 554 175 546 785 426 168 316 262 963 293 289 457 607 382 200 787 267 403 
662 924 838 632 291 612 315 919 311 785 234 110 999 330 22 146 628 348 979 452 182 43 886 355 188 459 26 450 335 663 592 204 520 673 222 782 87 716 787 931 574 599 58 445 269 834 349 883 455 862 356 454 765 824 47 984 705 878 144 87 918 278 372 462 838 707 67 614 268 64 326 115 43 82 920 273 78 441 832 153 378 696 951 814 265 430 629 893 360 580 184 508 491 119 800 794 728 648 388 576 
449 538 553 878 846 43 749 929 538 543 559 420 733 266 97 20 482 725 768 489 889 851 547 473 968 948 555 279 214 777 74 428 312 680 191 861 791 179 648 366 593 732 105 540 303 948 773 105 280 5 697 876 476 564 505 55 324 723 646 85 71 725 653 707 904 75 678 94 438 303 362 774 252 104 142 602 858 629 592 876 355 373 136 550 754 479 505 869 366 445 336 917 61 246 364 261 872 811 14 844 
28 354 507 427 425 794 527 853 78 391 581 454 4 367 828 472 105 939 636 843 272 314 914 565 88 442 248 16 394 176 456 460 783 619 874 677 17 604 444 934 161 896 402 805 353 561 310 225 58 713 625 218 513 801 691 823 574 538 592 910 13 962 52 832 608 41 664 650 837 140 100 716 988 465 127 907 132 500 838 161 430 618 377 776 697 348 468 107 392 414 253 494 641 0 569 703 392 149 716 252 
755 211 192 999 119 466 701 816 363 464 531 721 179 660 900 848 728 897 141 296 326 766 798 329 718 556 872 281 237 591 974 539 709 360 975 207 402 690 244 362 440 237 693 344 19 128 145 839 342 897 325 966 448 409 132 285 53 396 312 167 697 367 96 501 770 941 730 997 62 283 283 227 354 106 189 862 876 269 168 703 876 764 661 549 743 585 102 548 52 793 498 960 539 132 608 516 537 736 457 952 
609 739 451 98 624 560 675 804 592 381 970 935 264 186 580 246 409 580 197 846 420 522 597 116 746 896 678 736 748 266 19 816 469 211 91 744 676 895 62 857 526 646 423 343 275 51 539 648 632 107 545 754 229 329 34 323 752 17 883 391 202 91 697 262 280 435 116 244 229 71 287 173 718 137 270 816 974 286 249 739 506 693 681 88 616 228 489 894 204 744 207 723 531 971 634 889 900 499 917 222 
603 624 541 296 424 510 968 481 559 20 215 504 417 756 782 512 83 436 433 140 966 676 505 819 967 170 462 761 167 914 223 847 182 754 577 467 347 309 845 850 296 653 965 550 124 598 663 467 664 441 130 230 118 535 577 544 806 223 839 567 603 242 938 597 950 700 402 621 177 197 332 444 47 321 514 949 906 877 317 240 293 467 334 99 188 392 793 840 944 867 675 993 175 233 373 34 259 439 513 87 
50 191 341 326 974 128 206 165 493 599 607 127 972 474 586 3 152 742 766 430 109 342 442 586 139 688 481 726 757 683 502 656 548 428 353 408 603 217 107 663 60 661 806 504 228 693 457 734 970 130 451 111 397 392 101 887 359 62 85 88 924 112 680 280 8 162 792 611 64 933 606 994 231 78 826 292 28 789 537 941 586 756 438 229 665 729 404 298 987 165 954 80 609 446 384 607 446 769 489 934 
548 356 818 711 150 684 522 723 334 234 674 503 856 939 263 439 439 104 894 450 87 691 959 438 954 372 741 214 326 515 381 457 79 374 413 757 105 269 319 339 241 700 509 157 853 585 335 173 776 471 603 136 475 922 917 979 241 547 672 836 97 478 347 268 281 539 87 540 136 906 352 230 677 595 706 405 399 252 470 480 101 284 357 842 647 792 748 62 276 667 816 137 189 395 140 768 610 674 257 860 
964 91 398 27 402 366 184 377 232 85 355 879 132 736 233 219 83 821 547 127 773 396 142 246 180 354 919 436 586 109 203 214 59 904 104 675 240 430 656 665 606 116 855 274 727 754 874 608 711 419 50 391 202 134 338 450 396 331 485 297 865 674 388 25 574 544 527 196 615 403 857 483 923 265 241 810 805 540 638 515 140 344 402 381 941 784 419 965 919 886 278 150 631 634 373 414 110 101 130 393 
320 709 780 281 565 499 890 478 117 28 981 907 264 478 387 937 893 987 889 168 436 234 681 411 436 60 437 659 17 13 786 375 441 972 440 435 670 980 121 814 481 355 544 376 125 819 661 212 97 120 46 898 458 177 183 736 433 226 653 202 96 609 239 800 899 87 414 711 285 682 127 666 848 465 831 515 745 256 590 364 659 60 671 923 875 633 679 398 68 442 884 483 596 32 640 635 751 152 998 111 
674 238 508 891 466 734 297 771 366 260 881 172 514 426 879 172 326 411 706 140 159 685 483 796 212 852 318 696 811 301 815 258 85 864 271 960 951 42 959 824 907 193 180 185 430 337 267 500 131 438 743 858 352 507 362 135 623 219 936 272 801 639 442 241 214 663 297 122 983 308 856 283 807 533 239 501 7 648 462 227 130 460 607 689 361 892 688 955 495 407 871 266 735 6 318 307 973 861 873 936 
306 653 285 146 420 577 756 295 981 184 878 297 307 411 290 80 496 96 117 873 635 574 370 358 999 745 836 936 722 264 464 506 800 933 565 880 81 581 528 287 848 273 419 119 166 276 191 559 671 110 170 432 139 1 322 309 39 938 179 696 37 337 405 480 409 508 577 874 806 81 69 742 9 283 319 796 355 463 119 199 93 432 551 568 247 783 23 421 137 167 556 924 478 896 673 123 910 242 153 682 
363 36 459 235 390 14 527 824 42 196 985 846 874 756 524 985 183 674 944 545 404 985 734 579 517 109 419 170 141 734 220 783 968 992 722 887 56 769 558 164 76 123 878 199 653 818 375 476 923 312 126 70 320 216 434 85 147 799 668 205 80 321 963 890 517 379 289 664 136 125 409 167 287 939 293 727 904 324 651 832 355 154 856 470 661 651 472 259 270 375 620 125 765 76 285 801 426 982 464 544 
820 858 411 418 189 533 367 984 234 481 222 470 583 312 759 528 339 588 151 380 776 365 346 369 302 572 187 86 255 705 728 815 902 16 842 123 276 609 875 529 779 232 913 37 927 250 98 573 794 57 32 656 999 185 559 921 393 892 156 705 317 339 433 843 308 151 78 188 494 759 2 307 580 258 107 805 924 319 850 707 834 595 466 688 29 835 682 78 344 315 937 777 906 262 338 774 728 246 216 981 
769 159 572 964 667 743 212 278 324 689 94 117 99 474 366 75 96 971 708 215 522 160 602 886 463 736 844 64 985 95 912 260 479 408 48 534 513 607 894 353 97 182 783 296 830 702 595 505 954 832 340 716 662 716 942 776 181 378 526 479 199 456 541 483 679 691 839 593 350 505 374 621 889 511 813 54 561 22 578 667 34 547 619 278 566 775 541 888 466 460 65 101 626 826 576 265 176 544 456 724 
547 367 599 370 102 203 487 206 197 451 531 176 216 364 297 212 97 97 776 821 176 838 852 553 817 204 976 919 228 159 820 359 998 551 71 513 46 444 214 184 243 974 925 272 132 115 997 70 487 946 511 871 382 951 848 236 926 560 190 220 306 312 490 706 737 458 318 729 19 0 809 429 729 308 489 427 862 288 216 948 800 857 169 494 371 201 493 164 168 132 994 32 562 899 203 822 858 992 125 18 
68 297 265 692 593 680 510 274 166 954 393 327 932 799 663 611 113 498 562 364 664 129 187 755 668 471 567 538 827 24 68 916 153 341 445 805 66 817 765 372 556 842 841 158 611 548 465 534 327 715 776 937 524 31 289 646 976 397 597 462 635 628 978 816 682 261 390 377 979 414 53 746 224 264 279 10 166 848 534 269 413 3 190 765 533 286 381 656 751 701 717 50 409 218 712 341 582 608 12 95 
230 440 503 275 346 420 68 689 219 643 622 522 523 476 341 575 235 310 335 202 311 991 992 71 343 107 685 740 927 448 862 191 82 63 194 839 778 862 208 621 299 916 274 388 721 292 100 335 79 94 742 322 353 762 126 301 460 647 266 724 309 803 437 673 95 723 767 478 129 261 874 6 695 388 754 428 55 733 284 398 39 527 523 522 862 632 231 362 384 694 919 701 230 282 336 166 733 364 118 625 
685 179 114 354 597 515 885 360 21 501 45 355 461 537 853 234 196 567 57 656 571 535 595 471 715 845 568 533 452 129 470 943 719 758 153 723 727 489 52 602 867 348 246 646 287 324 397 584 237 424 535 662 309 267 270 763 164 340 316 487 380 204 232 256 184 263 87 249 171 6 822 730 754 684 623 720 759 752 147 326 311 411 695 868 718 186 714 304 33 734 869 283 941 739 907 317 783 613 187 74 
851 498 860 15 824 35 553 640 483 724 582 444 964 87 514 147 518 860 412 142 155 581 458 721 391 855 488 805 131 314 830 192 286 132 86 889 671 515 588 710 365 650 207 80 186 670 71 74 494 593 718 862 880 855 420 913 818 711 758 328 598 988 568 906 59 581 675 248 869 658 383 83 212 672 85 76 187 190 390 146 796 889 168 903 10 581 35 284 679 669 526 422 999 380 128 761 588 253 596 381 
444 49 307 454 360 135 0 664 622 872 601 793 873 291 626 401 23 206 454 801 492 127 320 320 598 354 342 684 120 60 72 39 98 695 296 831 513 422 66 306 899 988 773 601 542 848 211 957 153 532 702 744 611 918 531 182 642 662 451 611 39 113 120 134 825 190 765 998 671 655 345 92 338 698 317 162 449 40 299 794 79 709 514 938 218 682 272 558 61 872 871 23 257 334 779 738 992 244 698 588 
202 920 765 573 243 281 119 610 76 387 595 368 160 779 731 286 867 491 910 466 534 207 121 14 54 73 578 388 486 226 328 240 306 811 439 230 134 139 635 163 965 145 755 296 278 364 832 700 404 688 142 617 422 245 898 922 542 723 372 548 109 320 919 443 783 422 575 469 979 558 34 349 30 537 530 353 456 745 10 941 47 123 383 115 299 448 73 395 130 644 738 72 180 598 982 459 729 585 868 628 
962 643 356 702 246 60 625 779 6 785 257 80 307 610 610 761 958 864 87 696 128 164 580 818 699 251 134 866 377 870 39 203 251 154 512 376 189 178 303 206 616 6 812 429 600 470 286 282 639 199 860 561 377 650 521 729 346 825 863 784 485 811 831 921 927 202 127 298 499 627 621 499 494 510 484 916 334 991 204 335 335 740 183 342 854 439 977 518 321 518 368 180 950 754 781 366 52 789 392 173 
951 111 123 377 528 290 792 782 356 500 644 502 948 894 720 400 829 603 926 519 736 115 721 262 733 241 912 354 443 497 980 552 619 69 144 561 359 690 361 506 508 527 141 833 599 726 313 710 408 486 829 998 688 752 99 854 392 784 41 630 293 799 899 531 639 447 44 929 537 406 222 185 766 870 24 232 161 116 439 488 829 864 641 683 255 220 622 20 553 937 543 329 848 287 100 518 281 691 440 755 
367 557 816 922 936 298 412 601 185 832 989 31 862 88 176 229 662 665 585 209 671 219 748 587 734 904 639 930 882 986 508 775 834 313 990 437 427 83 682 6 670 761 720 946 642 944 202 684 422 581 621 109 569 653 77 397 326 484 517 30 610 484 143 420 136 496 465 690 175 233 234 903 602 913 339 153 904 950 512 560 957 121 537 254 905 232 908 445 984 209 838 395 233 608 802 514 690 819 137 722 
789 259 723 978 948 414 884 348 914 667 226 762 909 253 782 422 398 220 945 654 979 616 881 143 584 751 733 577 897 809 773 652 867 411 133 81 52 745 875 308 839 623 183 192 900 833 979 772 832 617 147 797 569 897 335 404 325 578 903 825 68 652 550 608 914 671 401 219 81 506 634 352 143 313 784 613 236 372 625 473 663 390 499 884 225 596 760 458 26 719 840 867 266 114 51 567 267 528 23 865 
813 416 726 345 122 507 916 478 204 200 624 4 571 13 241 314 635 840 355 287 477 310 97 7 773 853 269 512 788 437 286 650 311 85 521 230 440 475 260 477 540 763 519 925 676 228 404 720 167 182 32 493 912 225 482 11 780 411 531 43 15 128 967 134 551 703 635 495 57 690 519 153 195 166 263 804 858 212 812 357 941 991 272 219 322 302 826 273 463 149 646 1 243 63 633 573 494 351 20 940 
70 896 190 51 107 328 447 290 134 716 778 713 989 289 267 386 602 959 754 648 750 850 294 841 136 444 877 616 546 229 267 374 101 572 489 802 123 595 304 342 46 390 406 132 96 684 312 529 410 738 145 921 481 116 258 259 957 437 547 142 100 120 912 220 911 936 727 574 843 125 9 464 811 456 55 959 260 442 112 656 305 760 672 35 480 433 34 567 36 250 50 423 996 466 364 446 557 706 169 159 
315 736 843 473 638 340 646 697 394 409 546 160 143 344 262 630 251 178 224 86 532 61 514 660 755 57 671 29 461 339 638 510 36 58 726 496 637 432 819 10 931 554 367 439 380 84 868 42 282 79 601 215 973 13 396 284 415 806 56 560 113 795 751 42 716 915 521 437 986 933 541 259 213 733 966 440 304 306 466 232 813 448 816 899 183 289 408 815 930 977 848 639 367 234 611 100 52 949 196 513 
923 242 268 731 338 154 680 720 35 539 823 159 461 20 459 393 587 810 749 310 234 722 86 947 609 855 115 186 188 150 664 19 826 497 249 410 313 377 181 313 61 351 196 175 360 349 690 265 975 928 180 912 713 80 915 707 358 828 415 502 949 936 173 795 598 104 220 673 665 385 852 634 399 46 168 793 96 641 918 627 668 802 485 229 734 373 118 455 197 591 454 176 677 537 682 226 511 672 12 591 
68 212 414 107 431 663 44 988 699 225 887 136 354 562 471 334 113 647 656 40 80 17 200 262 630 74 24 7 436 849 410 700 481 776 530 469 910 980 919 664 187 244 980 759 322 838 434 690 345 999 129 85 486 786 878 514 47 786 903 378 311 251 989 160 8 654 505 767 349 507 914 886 22 500 758 544 922 463 999 921 448 645 544 294 263 777 736 308 847 35 734 659 903 997 118 828 505 237 282 593 
162 261 173 181 118 679 188 548 108 845 510 883 117 456 781 915 627 144 582 250 472 531 501 947 812 409 188 791 508 575 446 852 831 762 631 933 370 287 111 906 894 288 102 825 496 122 130 509 322 237 710 878 273 107 901 649 6 845 80 226 305 66 989 759 666 497 945 63 890 482 542 834 898 136 240 690 945 985 52 179 460 681 675 887 586 483 270 254 518 402 2 308 96 695 310 74 45 460 866 810 
702 9 602 325 567 236 571 351 809 510 886 342 986 604 123 670 194 731 47 257 210 912 113 141 65 870 217 102 479 145 867 950 349 267 587 146 716 173 304 607 878 977 838 492 906 101 886 10 331 275 385 770 779 174 438 453 380 351 856 994 776 249 211 347 57 242 968 681 923 731 207 418 161 858 596 367 133 774 125 923 980 426 540 145 522 262 184 205 121 714 848 910 344 508 419 98 266 572 321 91 
203 502 767 976 346 440 417 319 572 957 792 585 38 849 406 583 333 982 888 516 889 494 924 322 423 394 570 458 862 714 632 310 796 278 264 98 642 132 733 474 261 491 790 333 919 864 594 59 405 647 109 202 426 740 218 15 853 346 1 380 486 12 58 893 382 586 771 295 399 463 383 274 842 416 352 966 952 607 278 397 299 769 128 240 998 228 738 620 538 541 536 206 458 466 866 397 633 227 616 775 
723 614 848 703 17 580 734 677 681 102 347 430 406 131 321 533 547 246 437 474 982 196 326 282 778 123 262 696 893 738 150 907 164 820 247 823 92 30 678 120 635 260 792 301 413 791 551 913 235 506 907 832 521 725 780 808 735 457 326 741 267 620 982 522 260 504 645 476 666 320 491 113 20 810 782 2 914 235 938 445 669 607 843 654 323 48 561 214 759 290 779 492 761 884 48 76 226 137 673 813 
706 736 499 632 798 904 124 533 796 224 396 280 208 198 886 284 156 823 358 558 268 31 749 758 912 809 235 490 493 848 444 67 782 303 751 651 607 278 267 207 779 22 626 570 894 352 547 307 853 208 418 896 660 512 539 890 624 874 759 378 479 885 406 245 293 316 622 4 305 788 66 647 415 861 823 396 214 490 283 922 844 868 478 906 17 380 326 16 634 64 325 519 279 848 182 667 935 273 745 219 
194 409 786 790 392 476 736 460 408 159 885 569 163 667 298 966 866 173 925 881 508 867 965 78 973 457 805 966 772 708 543 286 100 7 331 883 158 109 608 469 628 254 90 305 136 741 429 148 254 313 561 468 648 507 894 993 89 551 946 316 700 359 929 591 222 28 476 182 65 198 469 980 778 790 505 961 461 730 447 450 375 809 97 841 53 943 961 287 371 91 150 439 215 232 838 981 280 41 942 559 
993 992 608 323 442 672 148 913 433 241 418 498 172 557 342 377 786 641 429 217 11 389 904 903 110 536 535 929 674 269 320 127 958 171 872 913 956 156 440 618 643 619 963 683 37 804 672 763 513 799 659 965 954 413 569 283 311 286 4 906 556 522 611 381 40 686 365 166 569 618 679 539 517 481 733 254 578 920 942 695 497 122 267 645 822 947 912 235 275 932 252 776 222 958 686 58 152 227 449 659 
511 785 105 524 382 176 630 921 851 159 112 254 66 514 124 761 920 662 575 727 363 192 847 563 256 163 594 204 36 216 273 359 999 275 293 893 558 259 582 95 664 362 784 990 380 918 894 279 841 120 371 736 229 523 847 524 154 767 558 717 806 350 248 699 162 822 532 583 37 89 542 573 970 257 731 74 199 248 267 866 551 231 526 853 595 117 866 538 628 58 372 733 100 757 572 805 878 515 214 305 
339 457 22 853 471 692 372 679 883 686 416 575 540 260 904 678 315 670 240 718 606 446 537 770 464 141 701 199 709 562 138 316 352 196 485 126 856 634 761 831 88 849 616 927 510 358 472 660 543 613 634 798 233 457 967 822 969 101 652 865 965 290 280 951 260 106 724 208 957 637 362 329 70 161 88 835 311 31 911 254 798 883 199 748 867 973 910 728 54 814 929 177 872 149 490 322 152 955 554 684 
895 907 280 285 222 14 387 907 78 669 5 228 663 385 880 928 550 224 557 409 993 888 59 977 405 937 485 157 874 86 280 993 164 5 259 356 926 999 15 445 858 250 713 966 324 757 877 160 72 99 509 24 889 971 363 32 452 343 700 889 411 973 765 271 318 611 986 277 7 286 572 683 685 635 403 325 28 679 181 662 907 69 470 581 678 911 416 503 188 175 668 869 812 662 362 119 284 756 486 328 
282 937 915 244 38 579 548 8 623 801 809 346 510 496 87 401 128 596 587 13 167 593 104 153 723 938 215 760 509 362 726 566 701 361 388 985 613 417 28 264 557 737 32 586 784 858 112 578 607 345 732 346 460 108 822 414 626 17 259 418 123 699 315 662 818 861 662 385 90 604 434 652 342 609 915 616 83 988 242 522 83 519 34 518 587 890 582 867 832 922 686 406 469 928 964 528 711 319 362 156 
61 486 927 44 322 807 10 667 510 838 813 953 52 214 165 634 749 689 785 504 484 647 946 570 107 561 866 925 366 277 975 170 102 757 842 88 210 691 195 364 313 480 496 902 914 494 54 565 896 146 935 398 328 150 44 81 45 461 781 156 62 89 174 228 774 233 692 513 780 591 841 26 28 106 212 945 366 926 957 808 429 253 15 931 403 200 479 640 43 382 180 301 911 73 959 521 315 852 93 590 
873 641 338 365 103 259 217 202 934 352 849 553 196 889 346 266 653 461 537 41 5 962 639 57 393 517 353 9 950 901 604 903 466 643 103 93 970 372 405 874 516 42 267 922 494 288 655 408 318 940 762 307 123 890 912 358 284 983 637 741 352 555 889 581 597 203 343 547 741 997 851 704 70 309 234 731 905 800 311 375 702 311 27 390 965 814 620 223 960 765 346 764 639 343 22 295 604 898 291 758 
512 270 33 212 390 201 103 954 623 130 394 262 477 516 156 171 387 662 566 745 165 897 808 751 917 681 16 333 725 503 898 919 364 983 72 535 866 734 178 265 358 870 783 710 147 772 532 921 926 785 188 30 171 913 913 604 736 337 994 456 498 372 213 452 519 279 191 48 724 427 90 496 272 963 838 669 816 727 795 377 796 889 566 29 386 86 267 853 866 430 713 39 58 287 4 407 490 655 327 975 
251 73 728 405 507 11 792 405 116 301 147 969 735 28 421 238 282 655 502 257 290 970 112 466 837 537 366 296 702 495 519 84 870 665 771 218 121 428 981 726 352 918 42 523 389 147 417 162 932 902 579 969 439 851 765 202 170 146 347 789 793 535 752 456 535 696 619 550 921 519 220 983 586 737 424 559 160 542 553 688 470 305 409 836 963 786 888 789 691 410 325 488 389 399 113 179 565 937 770 482 
163 708 430 608 19 655 798 523 358 628 6 177 866 617 2 634 493 375 874 782 95 593 929 457 793 62 99 955 112 587 670 717 319 771 402 577 148 304 691 561 49 711 127 371 454 558 315 68 573 105 987 810 982 694 818 150 60 622 614 266 928 653 95 959 541 139 873 411 835 820 889 208 512 677 141 24 636 120 870 536 499 818 130 51 480 218 669 953 392 525 201 903 61 576 78 305 733 829 219 940 
10 75 197 465 939 71 143 431 410 495 979 833 15 472 384 992 550 173 189 481 276 108 581 202 695 836 907 9 15 978 455 311 200 676 985 259 273 485 942 737 842 146 442 212 313 380 701 665 286 535 104 207 112 594 345 812 543 881 661 561 651 72 238 209 533 736 109 678 908 470 682 93 363 42 849 91 338 974 207 415 81 784 398 834 284 257 726 692 219 431 213 73 961 23 863 636 432 871 681 739 
451 628 682 267 933 351 819 349 176 341 673 665 159 903 617 226 856 791 363 347 868 637 154 888 642 793 339 135 923 897 139 920 959 213 670 500 183 513 222 490 436 387 505 848 881 78 558 175 412 14 305 823 3 692 637 742 140 764 473 331 397 670 646 95 238 66 16 647 739 704 491 483 175 902 984 474 365 299 279 170 912 324 7 18 966 524 605 67 120 138 322 623 310 13 920 832 241 915 725 108 
896 603 777 223 895 799 101 369 637 991 860 858 604 9 798 68 167 797 723 456 463 537 509 723 182 488 937 626 440 608 216 827 479 627 792 302 318 878 720 901 783 849 709 816 417 711 646 723 612 911 214 964 960 633 371 423 133 925 699 669 219 344 311 61 910 160 274 937 610 755 811 212 189 307 417 850 725 956 462 513 679 537 328 807 154 292 580 756 652 589 995 545 483 213 938 377 214 90 981 575 
925 933 52 832 142 531 440 858 658 626 31 509 271 781 334 362 575 192 751 905 753 319 108 303 278 885 738 351 479 577 929 592 861 574 227 992 458 194 187 736 486 719 8 96 660 553 994 235 894 903 373 759 589 621 643 150 174 689 455 944 161 749 159 525 4 652 65 309 88 472 394 538 771 356 762 737 950 734 396 661 534 343 877 588 144 37 395 222 417 305 240 587 13 469 271 69 849 800 630 174 
514 741 284 250 983 544 229 440 844 403 115 565 905 321 32 906 699 81 786 120 473 532 886 97 153 338 816 152 644 466 697 755 119 417 106 783 44 341 824 222 344 218 984 109 326 228 549 609 900 535 192 835 253 756 128 528 767 996 442 94 85 521 378 604 815 347 131 978 393 761 67 713 585 497 931 540 101 114 13 295 229 151 782 287 652 15 39 786 637 515 55 912 316 423 267 978 114 956 960 602 
149 869 351 92 768 601 67 339 982 377 184 718 997 419 980 860 16 470 634 783 381 238 44 781 233 514 753 516 897 332 376 887 346 617 548 308 155 858 832 449 705 538 925 870 347 329 537 331 904 633 802 277 446 247 596 574 412 723 711 867 338 603 492 690 71 845 97 627 611 100 691 670 223 469 44 53 257 611 158 939 92 367 839 342 880 124 453 857 877 634 883 758 214 865 444 98 556 977 615 392 
