100
726 332 756 681 621 592 878 418 339 203 877 470 296 794 850 389 645 409 917 592 264 955 905 334 780 746 503 888 595 924 558 359 918 63 970 484 454 46 314 624 315 61 887 741 773 553 281 45 986 492 371 857 927 807 643 701 474 616 43 850 143 111 627 876 954 828 683 509 909 771 171 281 730 834 454 572 946 706 614 593 991 12 825 709 368 398 717 635 971 406 768 744 216 231 459 266 658 346 15 445 
577 94 801 830 687 939 754 395 176 915 746 930 469 202 862 674 50 455 135 376 975 428 470 226 36 499 989 609 824 433 855 730 100 448 330 541 259 47 356 91 317 252 956 249 732 389 299 570 862 115 914 228 461 17 333 169 716 844 1 745 747 626 178 486 4 136 200 288 22 159 827 754 969 430 764 109 524 390 646 355 508 922 149 631 838 533 470 891 951 297 591 186 458 21 960 815 474 406 395 541 
288 994 591 929 462 569 771 133 933 277 41 511 812 291 713 321 322 593 920 929 95 763 96 204 494 969 802 271 741 148 745 838 872 833 73 144 635 660 656 315 942 449 316 660 486 46 861 634 329 605 955 268 850 857 467 439 127 79 535 620 231 888 556 546 559 211 88 608 287 640 107 942 577 258 765 716 593 189 785 506 547 0 704 874 505 300 201 131 596 519 383 848 414 26 515 400 638 689 612 279 
35 548 893 669 364 385 78 734 87 821 597 938 96 235 526 165 772 220 336 585 951 712 267 618 419 675 87 434 667 851 854 799 615 833 93 218 32 998 638 521 502 224 882 760 671 254 405 3 715 920 459 935 134 338 34 114 494 283 279 47 406 304 413 254 882 118 563 908 580 593 758 567 263 86 71 173 169 560 94 238 214 809 231 454 434 638 460 432 239 241 643 471 121 449 817 254 582 132 7 123 
746 616 909 111 681 199 372 442 454 449 664 932 340 702 94 407 803 108 249 883 374 45 347 234 346 405 291 550 809 315 138 383 0 846 795 73 886 66 74 893 662 938 723 599 214 360 335 729 465 731 266 534 738 369 32 768 51 389 754 878 12 674 515 736 319 545 744 589 428 527 776 992 433 603 736 430 148 878 250 419 380 588 606 822 292 58 721 266 242 105 750 726 527 930 707 598 183 769 549 243 
908 367 86 266 374 43 630 137 502 297 215 775 547 478 758 12 116 299 679 590 663 744 56 957 42 674 361 450 504 600 161 372 118 242 461 538 598 347 725 344 292 761 151 228 863 994 369 976 874 218 249 597 28 826 606 493 901 907 205 138 2 139 461 990 666 983 668 538 953 930 341 427 885 125 290 42 800 984 319 106 422 815 87 47 87 128 35 397 263 268 975 343 132 517 23 562 48 527 715 289 
23 929 655 674 539 582 406 8 30 87 648 243 127 35 161 765 26 450 364 718 409 806 256 274 783 347 353 537 879 985 994 415 896 40 74 893 324 499 357 592 497 967 789 441 87 390 448 405 299 847 83 718 43 209 871 809 419 344 883 577 128 878 906 604 395 446 399 804 505 653 542 17 344 313 405 437 676 871 307 225 635 936 839 110 917 804 28 358 168 170 435 795 651 365 930 144 618 427 124 112 
393 459 370 643 988 69 320 720 927 575 570 311 193 52 976 822 207 327 944 695 966 281 603 752 120 480 555 691 91 680 444 967 958 206 631 895 118 202 287 457 992 5 150 49 175 860 767 231 904 924 146 126 948 462 299 759 167 964 883 662 383 533 940 738 286 125 127 27 83 241 985 799 374 74 573 726 747 280 875 231 657 144 474 626 756 681 201 807 703 131 29 143 30 497 430 778 50 553 970 896 
278 434 254 348 466 565 74 926 582 719 732 327 466 878 312 699 532 769 383 338 297 773 182 751 839 181 585 117 578 770 815 958 598 356 166 687 245 439 34 832 320 913 91 848 451 259 125 681 389 743 845 543 869 249 848 702 819 145 845 5 782 927 398 198 674 303 186 544 341 296 543 926 873 88 703 729 852 226 616 43 710 714 281 526 227 632 538 45 19 44 507 904 230 817 231 502 339 900 938 702 
970 143 840 823 657 489 480 961 260 425 642 787 81 283 781 911 299 97 380 194 917 254 329 496 305 407 907 288 465 491 44 323 238 93 406 971 519 927 31 146 157 608 762 280 892 73 432 466 596 765 279 863 801 944 2 908 48 538 793 874 660 979 986 854 599 737 568 882 348 695 123 707 373 241 688 491 200 501 411 479 520 860 914 363 393 306 139 252 619 689 105 342 499 525 707 120 167 468 894 901 
536 348 452 676 629 121 604 914 101 471 660 918 821 781 581 837 451 555 518 320 762 53 835 907 832 312 80 231 100 157 104 970 675 764 411 373 461 227 543 950 195 214 749 967 676 569 816 31 705 932 378 888 109 390 520 849 705 85 903 444 983 549 623 634 629 311 782 30 596 172 80 295 514 451 942 26 541 903 772 520 385 700 120 948 179 403 776 47 207 540 906 303 751 491 490 501 229 383 352 863 
812 983 104 478 665 157 430 944 295 640 841 944 460 148 71 172 310 437 761 215 394 468 745 496 694 80 289 244 581 161 526 536 307 322 277 393 921 637 101 783 172 739 797 311 865 819 487 216 492 475 413 896 825 381 2 696 986 444 149 437 755 88 642 929 866 493 881 2 362 146 235 824 290 105 890 693 578 50 88 952 838 678 283 466 30 585 959 557 924 190 277 186 328 625 499 906 625 745 436 863 
732 37 577 332 586 745 983 994 541 969 451 700 43 309 700 133 807 941 56 649 388 567 889 193 611 263 289 11 143 894 308 834 351 382 798 481 420 380 949 486 435 423 919 997 461 577 766 473 157 500 427 290 914 158 282 764 654 280 669 5 30 235 875 905 970 44 730 433 503 298 274 737 676 821 692 825 794 793 667 127 888 939 370 482 621 796 599 266 775 444 454 862 316 169 128 366 383 679 134 331 
133 498 920 683 952 362 435 153 331 214 899 797 240 893 877 976 287 112 456 667 263 852 156 776 618 503 68 640 812 433 232 998 492 853 231 325 686 967 507 398 784 968 501 556 724 16 866 204 270 219 318 766 142 552 680 385 672 686 6 447 290 239 643 708 653 642 558 493 504 883 428 422 449 54 593 541 822 524 419 813 51 565 727 965 708 919 161 315 869 573 334 571 49 828 676 252 40 786 333 156 
300 79 879 843 742 953 535 486 52 890 79 669 998 773 238 727 457 354 127 868 419 429 221 700 56 414 573 566 429 844 996 43 243 83 235 188 198 944 304 497 367 842 783 315 62 876 480 348 388 976 35 334 416 390 145 50 320 773 269 338 483 785 372 16 701 214 568 969 474 20 419 668 758 667 930 583 621 777 631 492 542 2 572 216 309 767 901 205 282 402 93 472 452 753 755 773 313 513 111 681 
346 812 176 537 419 142 80 681 97 557 178 888 623 599 514 930 202 745 590 813 420 125 836 784 774 995 292 73 153 811 791 734 710 593 720 167 348 834 721 570 571 935 153 94 911 32 406 180 783 683 862 122 182 253 450 378 170 167 204 44 867 501 464 519 46 275 201 453 211 336 806 424 243 272 669 503 350 517 414 814 860 582 140 981 522 658 583 735 15 103 189 877 304 694 378 412 489 177 854 661 
710 496 142 100 665 568 613 875 923 597 173 432 128 313 696 532 126 702 44 85 575 504 94 830 280 63 246 469 297 28 988 886 517 721 305 206 508 230 954 35 352 73 472 82 636 693 115 288 652 535 336 413 928 485 8 294 419 535 243 962 540 195 157 520 578 908 728 799 565 842 434 637 91 0 801 492 16 642 988 826 794 565 891 80 580 795 330 725 8 831 634 380 483 919 528 91 803 976 74 845 
516 93 111 171 332 227 39 678 92 23 987 88 984 993 70 732 849 597 540 411 377 159 449 425 437 383 46 423 610 637 167 370 625 615 121 723 5 857 298 265 504 36 97 316 88 42 392 163 711 457 662 704 356 286 346 18 372 644 965 476 149 629 992 4 276 375 142 215 309 323 315 699 11 594 77 117 777 193 73 683 728 816 265 93 978 237 445 760 606 397 320 970 309 710 228 669 741 54 632 398 
411 240 825 37 494 481 303 930 690 950 794 54 883 521 228 360 546 827 24 233 348 283 756 298 713 128 251 964 411 204 126 624 216 321 420 856 953 889 624 261 972 376 90 947 439 596 744 890 102 593 293 239 158 278 163 610 27 460 598 705 495 248 473 540 668 766 157 946 276 112 270 213 735 256 497 786 853 171 779 668 420 934 156 24 948 69 44 963 345 1 500 155 393 554 296 932 375 334 555 13 
935 161 716 490 595 701 943 979 933 547 151 972 781 667 675 822 518 681 143 942 36 377 349 564 321 131 67 647 521 506 990 512 289 146 511 860 671 544 285 845 70 671 220 219 433 472 380 775 19 313 821 729 972 929 465 859 615 859 34 365 721 321 71 114 52 355 289 923 53 177 74 458 546 893 352 122 896 516 423 549 260 342 677 878 225 331 865 720 266 25 222 366 96 76 565 405 54 718 689 647 
99 15 23 802 759 205 533 992 426 223 186 719 865 247 695 4 907 207 492 507 83 326 270 227 270 627 936 488 16 32 432 296 138 962 307 611 230 240 755 740 246 579 215 613 346 685 332 554 97 277 219 797 530 865 595 426 603 781 808 147 10 43 316 503 1 715 494 838 367 38 856 344 85 53 213 239 103 952 659 42 612 748 77 612 655 387 156 204 959 210 502 382 459 367 383 962 258 530 616 347 
626 814 454 611 944 912 349 589 351 983 292 883 772 852 330 497 394 508 225 705 937 771 497 641 445 28 289 738 979 382 98 522 887 121 476 717 252 442 718 567 732 123 855 253 633 614 98 372 570 251 386 370 874 416 738 356 630 921 464 424 206 808 827 428 149 454 395 902 20 187 40 365 236 123 589 464 755 546 734 446 825 352 768 237 74 584 792 407 31 886 654 514 249 600 83 575 997 950 994 238 
151 20 803 87 672 608 509 892 433 951 517 69 221 349 578 412 649 740 227 890 88 868 147 34 389 804 379 229 903 153 137 397 124 765 352 54 39 145 176 513 700 694 119 115 639 487 32 365 143 371 235 350 56 987 541 142 177 31 850 564 459 710 696 115 852 37 494 32 923 871 229 599 324 590 445 134 846 889 195 402 604 990 705 313 849 770 750 296 599 143 864 510 377 749 624 496 287 781 197 542 
258 169 852 94 577 784 790 128 732 617 673 122 119 901 452 989 193 82 998 551 213 29 182 442 952 199 184 940 813 892 894 17 869 992 773 166 235 675 378 80 303 303 853 261 673 895 756 336 241 34 515 795 244 600 491 183 138 468 952 984 389 827 176 407 932 236 801 656 41 920 898 189 688 292 964 618 362 324 522 996 497 539 383 283 956 561 943 775 237 67 513 458 873 297 27 810 279 436 519 466 
245 503 428 337 367 799 784 827 410 566 349 823 280 220 993 801 349 335 83 473 906 917 530 796 695 575 432 840 790 1 823 566 829 359 515 155 940 218 864 119 616 714 69 123 872 342 514 268 158 907 150 749 456 346 515 492 488 653 766 27 536 282 690 522 50 752 92 955 895 42 837 22 982 195 603 951 63 41 425 900 89 820 80 291 785 321 221 180 388 850 565 882 638 736 103 504 596 204 793 33 
303 713 878 737 10 687 870 42 606 860 518 49 884 571 969 467 907 218 247 786 498 206 598 901 640 994 662 742 962 720 945 597 893 543 475 686 941 894 718 350 69 752 129 596 256 984 842 629 727 286 201 72 196 323 255 492 438 561 208 70 78 407 37 143 209 484 428 734 519 777 619 274 140 76 675 555 885 602 418 345 501 949 308 165 592 822 163 47 512 653 428 383 910 87 251 312 219 895 314 737 
456 856 278 198 395 65 579 239 490 66 809 400 837 38 799 488 535 586 567 942 997 285 554 945 163 376 933 494 475 80 556 224 503 906 326 722 761 126 881 97 761 967 360 488 999 722 218 603 377 749 949 233 151 722 362 84 509 147 355 762 881 912 586 17 613 959 20 358 287 772 630 335 352 226 806 826 66 416 958 365 437 543 180 192 44 795 709 728 355 296 252 173 764 207 685 237 474 841 383 906 
373 227 417 66 960 482 580 79 311 337 881 462 541 385 597 307 173 281 458 869 151 46 520 229 269 420 140 677 46 165 295 543 843 818 450 235 249 704 40 589 518 644 238 950 15 19 926 282 385 595 90 867 775 574 447 652 660 184 855 656 25 502 100 731 801 513 178 313 850 348 476 686 199 674 282 949 692 444 593 38 114 794 324 146 916 847 321 144 89 466 207 325 842 282 71 847 542 225 664 675 
437 661 336 912 914 99 351 180 836 684 718 173 214 109 496 194 462 162 55 323 827 947 723 206 899 657 639 484 179 970 212 227 648 915 298 29 342 534 556 193 751 557 579 272 126 109 718 403 269 998 25 788 499 410 635 114 402 572 164 448 248 707 207 8 628 871 668 708 820 236 857 837 245 133 386 904 642 842 647 926 0 164 997 122 82 584 328 769 224 227 239 533 333 733 880 122 721 849 445 909 
268 332 223 865 93 508 811 779 442 923 250 817 752 492 973 591 974 533 656 650 45 845 79 977 442 288 703 505 311 193 94 735 726 895 469 323 808 35 380 899 326 449 807 893 662 837 576 442 623 32 94 607 744 211 364 702 166 19 228 925 517 269 702 276 122 868 419 861 406 393 391 175 213 83 911 875 832 543 895 603 903 193 119 87 939 596 399 379 987 678 320 750 429 936 821 603 968 836 746 189 
639 216 995 735 376 202 697 546 102 284 945 986 500 842 61 603 284 297 255 359 967 194 154 412 405 840 931 468 431 791 897 621 763 461 577 922 207 285 77 753 50 681 670 719 760 672 255 265 404 401 860 748 595 903 683 479 6 189 441 607 264 132 632 67 537 578 680 834 218 989 580 714 290 225 942 378 145 486 885 250 891 21 838 561 175 12 169 47 600 913 918 437 339 899 792 505 154 575 776 942 
41 610 741 708 871 586 794 988 704 562 912 102 840 989 510 798 898 906 726 812 218 497 395 356 184 774 224 510 614 715 498 6 195 851 408 614 881 532 953 323 372 284 375 198 621 0 891 675 78 841 706 607 702 688 62 981 142 842 856 722 885 519 708 698 250 56 509 378 608 552 844 840 207 909 323 440 568 703 622 624 609 480 308 254 322 251 273 377 215 602 928 917 671 67 129 674 732 443 749 311 
612 926 49 212 615 405 418 405 754 537 574 758 580 663 276 251 927 981 612 822 753 420 993 399 411 158 246 807 986 401 143 21 956 493 82 557 893 843 102 966 523 735 11 171 359 335 130 156 261 460 285 46 461 608 610 840 587 920 405 415 939 501 20 20 138 46 383 981 689 936 591 58 651 552 661 176 969 848 6 827 876 760 966 527 163 47 188 976 341 971 413 35 713 413 251 813 460 704 854 802 
771 339 947 984 721 965 413 301 92 497 281 487 59 746 487 891 106 865 678 911 626 716 238 420 10 449 20 574 195 844 25 22 26 581 780 114 287 45 82 987 454 147 947 959 299 842 142 280 820 525 344 813 361 590 313 0 119 634 823 8 582 97 655 623 464 61 241 183 635 354 412 960 440 141 234 133 124 423 621 288 255 132 226 451 972 46 229 961 752 560 701 187 903 424 897 39 443 892 27 223 
790 705 844 94 554 160 224 496 262 426 539 186 716 733 213 655 81 31 970 933 437 298 5 480 404 505 598 685 444 754 681 633 280 708 745 243 883 595 308 832 481 578 977 998 395 481 200 91 354 815 521 998 126 489 863 925 302 811 534 425 603 806 523 879 136 531 875 249 941 407 887 829 517 96 406 428 532 471 163 557 421 158 257 218 818 716 252 788 85 71 410 803 871 313 417 792 360 293 227 631 
286 268 976 935 73 755 530 396 326 672 159 383 186 845 482 339 706 740 923 3 745 572 856 115 90 178 540 733 454 443 184 125 903 721 831 502 894 820 910 574 795 924 483 263 755 220 660 88 30 888 940 36 473 91 203 105 450 482 379 196 659 685 594 450 360 719 324 178 924 579 336 10 305 778 815 727 734 578 488 641 686 201 448 486 735 963 168 733 568 176 735 510 719 978 465 240 113 853 336 211 
611 647 298 808 881 122 308 366 5 80 822 926 690 127 598 16 497 13 705 407 340 389 951 299 113 842 966 646 738 124 58 450 674 593 140 984 898 21 728 908 414 69 908 247 409 681 622 124 928 88 157 520 622 120 915 92 59 286 960 500 626 939 530 269 35 544 973 3 86 715 622 840 778 754 228 964 333 127 296 369 468 597 796 374 781 547 595 175 507 878 776 851 362 811 33 950 884 653 997 311 
827 780 843 324 952 527 653 581 68 67 477 447 293 436 359 562 914 715 736 741 450 905 597 193 114 196 694 67 382 95 180 805 323 734 561 47 530 107 519 586 343 506 564 118 850 524 205 53 629 82 161 511 312 984 375 239 634 189 185 566 961 303 115 366 196 508 487 297 302 470 555 684 237 863 734 206 252 342 694 101 262 280 238 340 21 986 918 685 98 758 491 685 21 733 857 320 118 132 646 427 
333 385 184 25 720 192 10 135 187 857 43 108 661 276 647 379 776 272 499 676 497 48 139 266 697 400 86 445 187 814 372 691 191 876 527 746 110 725 424 698 775 830 467 225 98 751 845 382 747 298 317 34 248 611 201 516 630 808 715 732 618 404 780 106 412 990 862 432 848 799 856 981 176 508 38 819 964 489 136 700 372 471 732 104 351 102 62 938 733 487 582 157 442 923 291 824 267 32 399 345 
262 926 731 905 517 468 597 940 236 449 598 749 524 760 569 143 390 354 953 638 347 522 690 375 348 502 179 294 70 634 42 503 32 25 16 759 664 774 71 619 314 231 625 545 114 388 811 390 141 375 578 551 627 956 964 28 376 442 723 330 331 147 621 136 422 889 223 125 215 513 620 336 878 76 152 703 560 139 602 764 427 508 25 213 388 923 30 435 222 690 515 582 67 715 362 158 119 949 945 493 
811 566 100 787 800 632 196 370 708 287 319 707 730 809 623 992 21 47 439 436 629 828 460 528 262 275 488 696 628 350 317 109 524 836 992 652 303 954 548 359 216 358 192 570 648 439 315 552 351 745 136 247 998 384 773 714 939 483 80 94 877 803 19 591 697 948 7 755 964 203 80 247 938 976 456 689 366 966 822 461 474 921 64 140 618 455 214 51 324 322 681 448 610 965 812 153 412 389 482 976 
479 18 208 978 3 950 732 848 956 365 871 584 454 806 23 764 358 617 855 514 911 801 299 230 459 900 999 77 251 832 751 571 896 840 661 328 506 184 342 279 145 253 342 615 627 584 45 285 981 549 545 681 165 647 798 200 175 775 660 242 535 44 545 549 687 589 174 674 281 301 533 966 943 654 587 83 296 305 323 784 830 572 748 959 822 917 275 30 864 702 724 592 320 514 981 132 603 288 867 222 
430 253 714 573 548 998 39 653 270 199 976 861 904 181 166 588 818 923 753 144 284 667 661 671 397 290 181 225 358 369 869 478 794 714 219 212 977 824 209 747 861 58 52 797 788 281 353 408 128 464 649 878 244 59 722 623 832 675 656 485 478 674 851 80 413 145 619 515 670 610 385 695 581 235 296 550 490 112 404 323 161 436 610 320 743 913 232 424 887 998 614 246 844 680 565 502 135 573 103 258 
650 477 168 119 982 801 379 834 298 393 191 69 902 456 676 7 599 667 833 114 99 842 656 294 223 510 308 510 239 972 561 970 527 416 701 245 351 621 365 808 692 180 667 750 996 164 815 689 282 169 940 333 972 120 845 932 273 689 687 242 814 414 576 625 331 596 976 128 410 583 783 615 735 706 863 303 366 991 460 567 81 372 817 554 50 463 941 375 0 924 86 665 613 692 892 649 447 824 225 656 
453 598 88 313 613 611 820 958 435 626 434 290 708 940 737 847 76 528 96 57 765 21 506 347 426 390 182 448 611 549 529 317 977 371 432 709 628 638 656 316 594 317 25 256 691 872 283 349 299 299 391 625 48 428 953 384 549 651 813 880 678 394 511 430 213 325 591 59 973 244 37 810 508 798 146 315 982 881 887 797 935 479 369 943 449 306 982 544 248 804 313 247 626 856 108 613 899 981 342 835 
655 988 707 470 809 832 476 994 580 782 990 757 240 797 735 91 224 919 222 355 753 808 907 375 317 71 799 153 505 579 316 189 108 71 648 626 865 969 783 805 910 32 343 631 438 308 120 597 676 170 851 481 106 808 513 463 432 350 608 331 776 382 378 25 578 637 998 972 316 18 67 243 748 262 546 418 721 253 84 437 534 372 892 650 777 507 678 231 843 878 407 329 656 446 319 695 970 933 597 38 
537 578 257 718 222 513 672 949 320 735 883 339 111 13 73 654 510 402 175 847 470 782 77 628 361 620 91 767 308 152 435 183 105 506 208 389 580 697 176 122 436 579 934 711 604 451 43 189 787 477 942 927 121 527 809 76 307 8 342 489 432 821 210 599 404 449 169 96 725 133 290 200 237 400 348 178 568 689 921 712 823 507 610 303 491 520 876 818 717 201 113 861 606 181 769 77 250 544 851 663 
611 781 791 511 931 840 630 578 442 901 676 45 337 61 436 23 629 42 92 364 248 352 443 564 445 575 433 707 731 254 662 362 612 11 765 215 926 24 282 968 249 368 818 614 18 426 442 351 703 548 51 60 828 405 460 28 150 524 369 480 206 764 170 450 457 828 847 72 901 178 666 85 902 81 405 673 594 219 511 999 233 136 961 312 889 22 61 831 577 419 825 916 701 50 336 861 225 419 514 442 
274 478 142 415 433 136 37 776 993 543 984 896 627 3 268 666 63 198 533 67 702 829 289 136 46 647 119 748 654 70 488 981 427 659 156 896 994 39 928 377 878 295 367 952 412 831 502 424 21 643 556 514 85 962 98 858 42 812 871 480 526 13 336 481 784 714 694 911 320 700 768 694 954 395 627 224 701 868 270 796 637 398 579 931 173 665 363 635 993 592 105 407 50 353 938 262 203 195 595 291 
573 135 860 846 358 18 124 825 494 73 189 53 285 758 369 525 535 427 813 851 170 60 564 563 554 66 183 13 347 373 628 390 727 841 285 249 31 364 147 241 447 511 722 531 382 740 230 954 91 911 646 955 119 79 384 194 950 607 574 20 543 80 560 471 647 882 434 151 352 962 215 482 264 654 109 934 7 455 91 857 649 654 912 761 118 2 630 534 38 233 624 637 696 173 15 246 84 33 243 168 
968 524 472 467 305 149 903 262 282 272 38 90 601 367 739 687 648 973 61 725 969 679 387 814 142 764 314 947 608 406 496 980 262 857 526 867 281 284 966 419 61 814 162 421 763 635 493 907 996 695 365 433 552 786 537 569 489 988 239 950 441 827 450 867 123 258 378 36 793 684 708 69 938 962 636 138 998 218 160 39 420 57 159 1 643 801 753 516 312 6 969 383 929 221 512 405 407 47 260 77 
561 221 849 12 6 924 406 977 595 979 731 458 375 810 218 221 522 613 28 873 461 769 373 590 998 695 331 74 474 335 26 6 121 102 420 112 332 627 39 586 194 958 47 371 356 195 782 869 589 286 665 919 750 254 485 595 233 455 865 114 956 258 998 823 432 176 229 834 483 560 799 134 251 373 955 660 596 939 251 937 59 987 512 766 500 157 568 406 801 421 157 670 916 441 423 512 808 2 164 936 
298 234 879 467 181 541 151 428 63 867 954 97 574 596 498 126 767 37 510 248 528 618 20 180 460 68 478 201 143 709 426 83 51 882 398 418 682 961 108 683 228 522 146 5 588 563 558 310 110 638 896 23 52 478 352 918 658 578 497 74 758 137 990 236 820 831 173 500 640 999 609 265 765 473 780 301 982 813 708 697 59 33 5 621 670 840 824 522 855 204 282 923 557 229 912 417 117 898 178 207 
992 431 518 846 384 80 734 770 451 613 812 492 180 550 277 144 798 185 188 698 826 665 793 597 795 106 793 788 496 155 319 253 330 978 939 394 766 726 283 714 581 169 207 504 706 540 81 378 436 632 508 980 925 242 917 86 386 295 776 804 708 233 196 28 133 928 361 13 95 588 928 886 74 793 612 373 445 380 248 625 471 478 625 506 934 239 702 367 592 429 85 288 544 20 335 678 931 280 279 872 
291 793 567 719 523 974 219 571 637 470 234 335 681 122 923 475 374 679 428 401 262 83 489 362 997 429 194 26 442 138 501 505 10 334 559 163 568 840 373 403 561 233 728 707 656 677 400 455 805 683 0 291 900 706 530 513 563 628 620 112 203 552 380 209 179 154 656 316 41 694 121 539 931 885 577 389 645 823 298 846 987 90 553 428 898 153 371 829 10 345 462 423 406 440 347 953 159 758 307 792 
358 945 664 948 497 363 789 245 248 719 472 344 952 300 615 886 695 689 409 926 537 562 423 969 827 362 610 231 118 674 654 121 54 176 904 431 516 699 836 587 952 862 251 13 699 203 410 184 388 450 894 788 153 522 207 901 361 287 226 909 424 685 4 814 786 612 899 922 675 876 583 711 599 691 346 749 733 477 323 57 729 979 849 535 67 255 910 355 794 590 258 913 948 367 586 367 562 884 176 887 
472 207 125 361 379 751 245 48 62 594 434 459 750 997 147 279 989 817 789 684 260 288 850 773 836 554 562 188 278 497 648 925 833 491 183 961 605 529 212 702 662 515 517 325 675 327 898 37 367 58 331 454 16 805 691 848 894 867 555 437 950 131 698 700 728 321 172 223 13 618 128 639 245 760 742 503 80 738 832 887 155 543 649 682 206 436 780 98 275 421 814 722 177 873 94 171 91 81 972 235 
619 785 112 84 562 568 740 593 356 101 685 974 39 403 317 600 789 654 661 779 27 886 818 331 985 147 77 972 362 106 855 374 862 207 132 859 799 507 304 875 88 233 39 579 445 555 609 889 150 570 958 515 774 958 207 72 444 859 270 494 719 364 790 390 535 700 701 390 946 403 152 381 676 53 256 44 299 642 421 979 258 937 72 530 803 590 781 665 51 14 73 497 73 241 904 325 550 183 874 395 
428 333 702 824 640 658 240 11 266 630 111 448 199 147 714 576 980 758 37 814 885 263 894 573 839 446 21 897 939 289 19 732 172 940 298 362 156 16 741 254 513 207 505 158 950 303 677 77 63 461 398 672 916 428 526 915 170 486 662 276 318 289 49 319 148 582 675 908 983 806 521 383 178 390 283 887 70 309 760 449 157 724 984 373 462 973 0 777 954 582 506 844 495 792 723 142 986 179 801 55 
2 277 188 837 899 683 587 857 777 782 843 12 261 362 76 502 964 3 197 248 350 289 393 739 557 886 809 320 895 444 804 609 213 620 588 352 53 381 27 814 101 746 886 150 953 448 649 324 750 262 771 784 720 877 627 240 785 762 619 501 515 577 741 596 736 668 723 31 288 37 834 645 499 328 858 80 239 309 71 621 964 669 692 138 926 946 441 147 507 252 82 701 990 801 59 254 811 893 296 348 
220 226 937 758 11 65 806 616 400 834 175 323 942 17 8 428 105 49 227 172 475 133 134 536 968 365 974 273 798 942 628 70 432 317 727 473 797 437 90 872 684 167 488 645 299 273 773 608 593 602 303 547 793 285 253 918 600 76 558 324 640 567 814 29 550 701 988 94 136 259 847 94 379 475 162 715 612 278 893 924 998 740 687 648 148 995 537 127 239 231 812 758 706 465 798 961 164 491 433 909 
429 291 292 596 205 950 582 108 505 279 816 530 432 88 322 835 885 960 553 275 509 149 735 145 180 436 532 363 371 663 236 350 429 166 953 521 921 41 291 154 722 933 996 873 438 133 312 220 468 515 485 306 538 943 416 36 902 223 281 633 467 144 967 137 541 924 367 844 489 756 993 92 431 768 275 464 601 316 994 595 945 173 62 228 422 981 710 431 295 443 620 468 555 423 658 902 760 12 685 911 
907 359 856 450 847 255 500 185 9 637 559 664 252 782 787 186 760 654 561 546 905 351 205 165 941 475 732 494 197 519 299 361 143 368 977 132 612 202 64 515 950 583 432 188 444 669 13 82 889 147 681 277 698 612 701 850 663 837 309 511 83 404 985 202 135 98 75 794 180 131 438 230 752 202 195 837 931 498 866 494 882 667 407 41 923 66 851 716 34 300 205 699 771 340 760 738 90 883 639 309 
432 431 638 474 174 800 362 965 775 110 20 292 312 143 770 164 252 656 711 324 102 449 165 552 733 566 951 409 719 84 243 995 295 369 760 455 17 702 141 674 89 985 994 414 262 598 731 191 708 503 882 833 882 588 324 784 793 804 967 183 703 316 233 389 891 383 141 981 817 263 666 54 408 474 317 394 779 545 176 650 437 366 507 930 664 116 282 553 431 107 759 932 458 987 809 476 154 89 500 925 
78 856 467 567 622 410 596 138 646 752 691 750 701 646 42 441 934 153 568 237 174 709 823 57 672 531 402 222 909 672 566 293 344 652 304 503 737 425 983 613 920 314 20 449 885 918 24 253 989 381 636 659 512 482 735 324 232 402 835 813 332 564 377 622 823 537 327 757 114 862 711 851 393 47 833 157 957 631 764 86 557 965 105 858 211 705 848 334 68 544 631 343 487 996 519 817 298 495 154 977 
1 937 19 484 593 560 500 192 541 872 118 28 638 868 52 92 696 67 825 752 74 462 3 662 22 449 424 612 986 231 792 562 998 275 995 512 15 485 549 396 380 906 790 463 967 72 951 600 278 359 410 840 115 451 561 832 240 202 762 576 143 241 946 290 593 908 503 231 429 245 970 288 35 405 261 375 18 585 969 534 87 318 356 232 863 296 377 367 798 248 55 110 225 44 15 224 89 739 256 769 
105 753 381 140 258 376 554 348 997 208 739 30 905 552 30 87 653 37 681 458 704 986 135 445 191 185 791 341 216 81 205 390 748 713 629 367 849 307 774 30 385 461 748 208 637 844 40 932 631 273 403 585 622 153 608 180 507 464 298 367 52 421 383 886 638 852 491 675 264 24 567 437 398 423 716 869 771 83 75 129 139 397 630 604 264 429 396 213 139 471 185 943 797 120 668 417 487 922 366 143 
79 525 127 113 451 966 59 795 451 868 901 869 26 520 379 123 301 901 498 807 256 593 563 693 469 178 950 208 278 700 886 371 221 218 958 507 2 684 818 683 637 368 833 712 876 547 897 966 687 761 923 522 298 932 472 226 43 2 429 617 196 986 611 176 971 616 643 361 473 263 264 749 712 230 188 978 313 174 520 173 796 147 526 286 440 153 113 828 774 408 616 534 465 835 494 52 265 942 542 21 
793 575 293 658 413 207 904 659 624 352 352 464 357 64 707 627 364 711 149 772 575 622 799 445 277 864 718 712 623 757 559 125 858 357 34 752 60 690 692 43 138 57 122 544 449 163 642 369 716 782 868 243 14 969 650 208 96 409 860 84 685 797 678 987 603 296 774 129 861 248 577 482 919 59 21 331 274 34 356 936 649 104 559 712 171 492 545 205 818 132 422 313 746 973 196 910 166 641 729 796 
680 321 125 464 767 379 633 426 686 605 648 352 819 435 901 562 621 797 477 494 378 188 374 989 687 70 185 101 185 664 276 280 660 292 218 5 986 68 775 414 590 749 863 706 850 791 966 627 454 972 982 354 217 287 308 457 740 743 259 66 37 892 22 23 906 114 280 258 616 195 118 861 82 746 959 452 637 981 595 490 412 210 138 505 975 862 814 206 793 593 420 908 602 646 967 216 338 986 582 205 
664 91 334 249 74 211 370 343 46 68 715 647 128 343 339 195 796 904 110 475 318 324 371 331 264 501 271 195 228 909 404 359 179 410 256 40 366 473 144 500 675 910 254 881 585 146 56 272 327 662 340 719 907 351 433 103 607 58 327 352 272 362 570 905 409 528 875 916 109 963 335 105 165 616 300 354 353 731 2 416 722 943 646 844 575 194 701 824 254 709 918 687 982 698 521 553 874 382 111 772 
576 58 617 944 819 324 334 977 423 924 271 907 331 44 262 969 619 246 351 462 798 101 525 24 757 373 935 617 62 628 349 184 695 237 670 631 519 730 67 878 370 650 434 857 547 284 651 662 991 611 103 281 567 674 555 27 118 554 111 240 964 17 131 480 442 157 716 384 575 482 604 634 891 248 672 674 962 8 206 707 299 496 990 913 393 125 576 184 705 513 814 165 77 254 932 436 985 114 61 714 
572 555 512 35 802 460 483 671 439 352 478 104 198 518 51 55 843 406 620 591 742 468 966 970 97 138 381 740 539 811 88 269 63 949 751 322 270 438 602 686 580 707 715 837 770 468 710 769 223 796 112 401 876 736 726 526 528 422 576 368 978 56 190 993 637 153 745 719 889 439 613 696 719 257 325 802 909 475 632 649 107 296 707 140 573 48 567 377 538 418 540 976 292 371 70 430 553 983 311 899 
529 431 181 974 697 444 181 647 936 147 560 189 40 466 917 625 183 305 272 59 870 229 690 900 826 145 512 956 641 974 496 748 487 717 209 622 322 730 314 700 755 427 782 415 302 120 255 817 947 518 705 12 702 447 672 996 811 413 76 315 167 687 972 604 947 546 449 882 906 371 917 273 853 668 667 485 677 333 856 426 921 637 738 204 712 457 528 265 297 845 635 779 665 9 876 785 141 37 966 521 
264 112 644 895 680 397 358 857 684 503 88 382 816 719 92 276 85 899 226 225 522 289 908 524 408 317 271 293 724 487 367 674 718 256 313 4 194 14 79 586 116 983 480 524 466 763 262 90 741 204 196 77 775 234 88 486 403 474 381 111 938 295 268 311 18 596 436 330 548 329 831 559 197 452 951 443 53 641 289 951 335 829 264 238 0 808 749 738 396 441 895 439 909 574 669 231 725 252 915 511 
246 556 693 266 191 847 885 717 114 867 827 691 28 486 950 338 261 778 478 182 401 666 123 156 886 4 579 834 599 295 120 869 376 783 521 26 98 127 131 65 841 126 6 207 485 678 468 459 206 89 168 556 403 84 612 128 701 744 317 816 671 894 115 778 681 275 19 991 654 277 391 959 778 981 338 65 568 165 428 896 138 324 29 426 890 959 831 202 841 291 748 9 943 936 586 224 490 936 900 377 
562 304 836 87 52 398 573 595 181 500 902 697 714 940 579 194 318 581 646 138 148 316 815 309 917 102 687 478 787 541 955 536 567 473 95 585 449 753 545 724 430 491 120 285 942 568 885 90 415 955 616 912 580 132 6 676 602 95 265 724 372 578 57 349 381 840 426 805 871 63 166 747 689 737 12 374 718 713 320 716 876 420 998 21 450 994 353 438 742 644 329 898 237 105 549 830 452 484 548 779 
575 984 354 490 304 863 665 587 58 591 38 967 670 798 206 103 958 959 201 756 280 501 278 848 654 656 695 292 964 510 341 828 169 347 111 448 657 212 96 68 561 217 271 339 965 705 354 551 656 330 205 852 202 673 280 174 318 335 695 415 604 45 614 878 148 89 748 109 797 993 551 337 485 855 329 159 969 782 482 669 983 748 333 319 994 729 591 156 278 959 902 944 333 474 638 914 898 89 354 865 
347 366 369 434 436 338 534 125 90 925 20 50 196 797 562 814 577 492 468 594 470 215 907 989 543 972 78 833 849 868 864 404 365 282 651 616 375 210 285 228 7 589 402 660 511 396 483 823 679 275 790 896 646 432 150 192 666 972 60 977 394 50 222 782 409 485 127 817 149 351 527 293 137 951 684 757 656 178 928 668 228 717 670 295 214 346 80 327 334 698 338 444 205 202 220 119 80 976 988 958 
728 352 746 46 864 746 848 507 551 414 114 804 887 715 610 397 701 868 760 236 986 165 896 776 377 532 427 367 642 779 818 640 430 909 280 440 844 503 112 528 932 713 264 214 130 421 44 563 988 247 262 358 727 341 644 431 592 657 954 846 399 941 666 445 928 127 241 867 469 701 316 723 958 162 378 716 323 10 636 602 75 442 970 965 470 291 888 920 184 297 761 405 390 303 507 943 318 518 516 15 
866 685 994 604 374 186 305 29 643 218 136 304 82 518 581 161 557 335 395 131 74 883 817 794 161 192 709 844 512 233 841 869 901 751 380 738 508 153 204 633 2 271 66 143 481 715 334 113 140 281 94 936 302 184 937 294 222 729 873 150 310 832 264 83 940 986 633 839 880 302 11 144 279 182 338 38 400 912 318 127 805 495 608 958 28 680 946 554 590 826 222 539 863 517 842 307 88 38 306 602 
58 282 974 242 860 458 790 196 550 629 860 803 174 604 721 967 299 186 514 821 17 650 980 605 444 126 710 859 953 277 182 707 33 148 654 207 399 928 192 435 764 795 368 571 72 22 681 251 748 694 91 638 990 626 228 995 981 443 316 821 110 628 437 746 614 61 922 615 217 915 7 858 994 978 330 0 595 189 361 8 664 373 204 151 271 969 508 733 450 821 652 176 409 278 711 295 265 892 659 178 
978 529 92 249 312 385 779 418 575 267 864 959 149 727 158 103 586 688 831 595 251 324 791 436 896 201 37 915 34 850 127 673 241 370 302 840 677 169 754 825 812 277 455 968 963 739 336 301 168 278 58 573 135 655 45 248 428 861 142 612 625 855 64 474 376 600 349 383 867 585 680 214 913 430 556 651 220 194 898 923 217 28 287 339 440 390 108 790 293 283 682 75 325 930 822 254 485 400 409 6 
80 298 451 15 383 259 825 841 918 123 85 208 205 481 773 317 692 282 686 141 282 747 10 745 312 507 527 822 105 444 587 125 333 612 581 654 302 327 542 280 410 895 679 228 339 510 236 611 700 723 794 909 461 556 637 508 112 659 853 280 348 732 914 300 298 6 126 689 950 912 449 2 632 517 779 655 796 939 253 774 463 745 993 70 860 39 3 934 374 402 88 102 526 216 351 612 998 600 684 514 
111 158 452 181 712 710 22 457 25 383 167 876 799 787 689 432 248 315 477 109 633 319 990 823 686 943 552 819 347 620 633 583 304 626 383 747 826 530 362 275 440 787 179 134 642 929 532 636 897 993 658 35 11 475 169 578 614 449 567 898 303 767 196 722 555 508 536 539 805 440 62 739 729 46 951 517 585 660 786 384 815 472 234 695 514 38 777 337 132 527 908 274 787 316 910 50 854 411 601 684 
67 849 930 618 550 617 845 207 572 108 490 749 513 945 894 520 271 815 812 131 497 529 245 353 535 249 86 823 466 576 961 688 450 268 319 513 61 979 613 302 363 808 228 404 8 92 485 160 762 790 748 128 4 62 948 761 635 654 580 593 390 658 929 574 843 618 892 854 159 101 469 648 678 168 664 779 749 152 783 478 355 356 672 24 919 759 545 33 598 28 329 512 596 178 744 814 557 226 393 138 
708 47 23 311 516 310 239 748 989 86 725 322 2 9 217 883 240 275 258 224 753 43 811 564 322 375 574 328 490 293 343 998 380 64 578 802 534 152 240 173 955 949 709 684 542 420 789 601 473 291 9 72 548 474 588 333 545 50 516 484 656 195 341 593 511 265 903 313 276 862 195 824 606 518 65 76 705 902 415 906 624 510 341 528 87 41 228 467 209 723 592 170 728 715 995 218 244 945 157 324 
870 713 17 764 405 592 513 458 801 942 356 894 669 893 31 992 58 338 146 214 762 241 292 186 658 509 762 467 924 497 660 691 564 848 88 656 553 764 236 471 262 901 958 422 90 960 14 616 269 594 534 887 924 941 960 780 126 643 873 299 400 800 733 790 725 589 179 766 218 417 346 273 410 11 644 16 870 486 922 464 415 220 896 932 614 718 707 953 92 50 176 506 789 759 550 909 379 429 295 885 
376 424 115 937 684 215 78 733 192 504 11 584 777 494 49 94 25 189 269 383 171 381 223 408 646 301 753 624 828 202 526 477 667 681 512 520 339 561 309 230 49 837 306 8 291 872 352 950 317 297 542 736 100 386 951 765 794 147 678 119 105 452 39 534 770 875 432 524 56 275 624 761 865 334 686 913 477 683 245 674 922 707 191 890 199 457 839 329 328 273 52 634 753 595 11 880 103 719 931 903 
867 682 391 416 336 866 727 761 743 895 945 276 472 179 199 639 212 395 376 988 545 446 299 554 510 149 696 475 816 948 530 359 924 289 59 346 893 562 470 929 80 187 979 363 638 424 318 293 931 176 665 462 13 923 539 245 694 117 665 575 798 787 908 278 962 773 83 302 705 341 114 10 905 808 419 374 62 714 924 78 571 647 586 535 500 751 53 60 746 601 27 501 440 787 905 259 607 921 999 406 
213 148 252 578 219 717 186 47 350 579 858 737 701 297 795 592 813 771 48 32 226 578 440 475 640 989 594 885 137 691 655 305 287 415 474 659 603 211 206 21 919 568 120 157 242 789 565 847 730 78 428 175 46 735 871 250 492 457 438 654 649 683 676 783 375 669 230 491 836 66 722 464 849 796 404 980 231 660 407 886 761 793 258 187 542 864 368 947 365 46 61 813 127 371 765 920 823 391 967 996 
509 857 283 144 27 861 800 293 599 853 449 819 691 292 297 747 329 167 756 980 131 869 87 826 906 936 939 396 549 620 758 845 333 640 523 197 542 387 627 400 857 721 828 360 272 278 233 983 216 250 170 671 862 829 229 69 212 132 221 491 675 653 138 389 909 344 849 55 987 23 366 589 172 23 759 123 991 407 682 774 595 361 522 99 437 87 966 438 619 191 251 317 823 346 35 734 421 537 213 518 
456 441 887 292 297 625 2 718 842 665 421 378 978 389 109 247 402 826 403 741 824 681 677 818 585 506 378 663 709 426 648 683 13 872 65 462 640 564 630 120 551 289 689 874 229 629 929 629 339 255 338 771 411 344 996 3 827 37 950 408 196 396 729 12 764 268 393 497 657 58 258 440 119 778 887 182 867 787 137 124 337 373 733 302 547 567 943 246 147 564 231 417 964 470 345 802 475 375 297 14 
995 659 814 552 746 186 574 46 998 204 354 444 452 437 780 23 290 140 870 756 883 807 933 658 907 313 926 182 492 727 432 78 888 631 538 463 135 289 310 818 612 866 54 133 707 727 294 607 46 728 906 806 873 901 857 476 346 461 218 110 589 116 846 431 918 340 215 13 496 960 975 907 54 165 252 335 168 546 787 708 112 706 490 266 926 615 338 733 417 929 741 380 46 359 516 106 326 333 172 338 
771 23 754 95 19 133 45 490 97 991 235 896 136 19 374 842 121 900 800 206 143 533 397 150 185 527 577 48 168 24 818 942 409 629 150 455 629 208 536 174 567 645 239 257 886 322 87 837 508 805 132 191 438 803 796 110 989 21 165 648 691 5 335 698 826 419 899 204 50 473 909 259 314 653 861 25 249 608 4 386 637 98 685 665 796 904 162 851 249 961 41 49 425 742 758 236 174 824 434 308 
876 182 428 986 346 646 96 718 235 348 277 691 29 106 436 282 834 879 29 725 726 258 892 77 320 872 124 325 413 533 346 953 280 696 598 425 942 49 93 234 970 583 603 551 12 645 823 220 824 942 175 755 148 849 102 771 449 678 555 566 166 257 619 233 329 550 538 945 584 78 238 988 167 297 757 366 578 93 448 565 86 717 527 959 515 693 983 387 700 541 714 389 562 37 238 998 902 920 144 283 
22 436 2 844 194 881 59 600 759 79 606 927 899 165 718 792 330 775 776 397 385 328 345 60 537 97 578 78 838 392 625 773 209 388 626 882 538 63 141 317 322 262 754 289 56 958 994 934 299 103 648 721 167 237 201 441 691 756 175 683 258 420 500 817 905 917 741 862 505 53 948 645 4 551 811 155 310 407 918 505 164 940 464 263 296 644 881 694 664 822 30 76 939 404 65 645 301 104 907 64 
589 392 431 848 45 421 857 12 226 464 55 386 102 110 247 607 674 566 761 113 295 128 70 433 774 617 697 91 862 980 612 144 335 571 391 718 957 598 133 726 263 187 55 591 96 926 949 553 790 659 297 60 233 66 383 378 782 202 83 586 557 906 41 46 711 180 938 416 684 66 573 448 460 109 645 433 332 260 450 653 556 986 722 958 790 980 753 287 793 249 687 90 784 730 537 163 501 987 962 932 
745 371 812 10 512 105 793 825 264 703 95 372 699 20 348 367 86 308 893 216 601 483 53 699 519 91 909 797 144 401 431 323 558 542 871 461 468 989 84 45 550 408 619 388 301 872 29 375 441 981 674 205 276 506 502 109 404 653 819 5 665 6 87 782 345 405 776 295 496 913 645 902 116 551 686 134 632 527 935 206 678 949 665 206 547 326 969 544 886 337 469 828 513 721 988 27 67 40 870 993 
116 742 380 341 627 330 425 955 245 681 9 916 127 189 361 460 261 127 863 132 380 87 379 680 413 947 270 148 651 87 801 483 504 980 274 601 250 972 355 177 116 597 43 89 850 468 954 117 388 195 207 761 503 174 603 803 56 651 843 832 531 673 538 142 651 466 86 57 123 187 460 346 340 251 374 213 880 42 28 778 246 765 33 223 679 55 519 44 177 746 701 294 641 718 48 328 206 521 424 383 
