100
749 267 733 516 287 80 665 927 617 703 841 779 428 546 355 684 763 314 732 425 637 18 705 900 697 622 591 146 10 547 797 244 131 257 8 981 76 511 599 277 510 286 585 565 612 416 788 84 866 410 495 306 538 496 954 171 5 808 820 518 87 938 229 54 246 902 910 184 268 670 309 886 643 550 693 428 456 17 270 706 683 774 376 625 910 211 854 553 20 912 409 529 925 471 410 537 47 234 301 653 
310 174 138 450 511 663 925 119 129 197 216 636 142 133 152 549 137 898 13 645 439 877 38 493 547 731 637 996 581 214 566 267 523 719 958 473 635 186 721 741 975 114 572 930 802 679 509 904 778 677 408 16 142 415 907 840 82 452 268 8 81 425 770 492 634 775 545 891 862 142 201 519 513 10 881 382 175 997 120 96 497 141 541 274 336 95 360 355 137 844 33 117 106 451 191 678 548 360 203 144 
993 716 6 333 600 364 519 287 566 62 410 654 136 265 286 227 254 484 30 710 658 963 490 835 705 269 558 298 41 337 372 711 388 786 686 111 35 273 462 676 303 618 177 994 404 33 113 955 616 775 459 160 762 639 497 482 254 550 816 944 296 115 20 737 662 394 546 972 259 375 751 86 505 266 743 884 728 742 328 738 700 86 640 619 211 322 812 809 848 358 892 792 369 108 19 942 760 44 339 853 
352 320 792 789 549 69 875 444 329 231 530 663 45 540 86 813 405 931 957 841 375 990 161 209 29 582 769 710 577 863 495 811 801 372 290 792 67 19 324 449 682 420 455 483 209 342 451 663 151 771 587 339 748 133 449 844 612 881 271 232 802 211 432 788 734 570 317 609 482 37 988 492 593 774 903 758 777 934 913 369 666 617 190 797 903 171 563 769 165 819 891 902 682 840 316 848 920 498 778 718 
10 202 282 589 278 67 505 248 356 682 790 323 806 861 86 447 800 417 991 640 841 598 295 614 722 734 693 641 71 820 639 872 356 58 838 340 362 86 727 984 347 885 692 500 298 440 891 795 421 878 437 1 735 426 745 769 146 734 625 237 234 977 238 559 16 541 200 696 877 996 400 968 637 228 138 229 582 600 893 311 777 186 357 283 48 589 107 735 41 680 394 990 402 256 205 467 277 284 432 267 
494 207 885 702 907 401 864 727 667 831 604 972 898 973 887 968 924 921 307 383 447 34 959 210 439 953 310 860 148 382 742 11 758 206 212 195 860 947 53 96 41 773 744 954 72 264 611 726 842 798 643 91 966 726 728 25 616 445 848 665 732 556 90 241 157 25 638 423 993 643 411 256 527 305 257 9 149 10 97 814 995 674 938 969 219 611 397 685 613 650 250 83 318 220 420 157 281 545 627 97 
522 424 785 785 126 387 760 553 694 92 361 840 446 551 919 98 321 706 270 325 983 803 782 818 826 257 821 311 669 117 868 971 758 154 775 609 478 523 395 41 606 84 404 299 132 972 844 598 942 722 939 432 222 677 235 542 591 936 667 374 959 246 951 995 965 625 661 9 629 762 675 130 34 260 136 809 700 794 336 20 778 299 444 847 161 898 73 199 277 459 479 140 736 138 301 626 969 326 708 689 
270 231 945 516 389 516 222 336 367 184 619 726 14 5 737 298 345 561 520 932 342 489 530 287 687 155 407 56 384 672 626 169 727 602 379 863 101 210 543 737 828 854 213 506 394 569 291 401 421 147 936 926 727 82 770 80 676 129 356 981 314 472 112 321 505 860 219 803 162 168 425 220 116 828 238 193 917 182 256 587 446 142 745 565 403 759 673 902 209 738 299 832 656 996 543 440 747 764 72 775 
285 302 878 344 439 675 183 587 376 964 1 945 652 117 204 273 895 431 86 27 196 744 990 779 561 214 277 176 702 154 610 117 278 290 429 327 412 274 62 224 282 660 879 916 374 181 167 906 454 706 376 845 421 378 548 260 974 486 123 991 329 183 872 275 132 206 749 735 524 818 28 144 12 781 152 58 124 992 323 360 886 656 129 565 845 25 621 148 95 866 106 773 461 545 196 826 168 817 800 721 
670 41 298 122 125 927 606 51 823 285 193 730 255 978 840 587 300 540 992 123 683 340 697 996 801 483 285 153 729 284 685 93 923 993 918 207 510 467 167 697 495 572 895 921 418 63 757 127 561 395 743 64 219 52 119 787 766 546 907 610 184 230 260 11 690 266 538 879 543 856 285 378 875 446 846 269 255 536 576 289 276 838 553 357 510 144 742 857 340 600 662 819 388 207 829 522 92 762 636 658 
159 318 87 672 804 42 367 382 133 108 209 760 199 894 471 888 85 850 453 271 986 284 518 373 759 695 376 28 121 699 526 32 550 470 685 433 762 808 769 835 749 723 16 421 559 970 71 514 31 633 588 517 505 622 507 832 966 335 405 511 408 69 350 528 166 319 871 941 404 201 803 710 750 789 573 664 927 947 66 363 461 118 163 899 872 575 726 796 475 462 100 380 993 478 86 339 12 105 420 62 
794 827 983 357 649 571 440 609 813 552 464 530 743 392 945 608 472 254 405 65 238 341 94 626 94 8 77 465 355 228 559 83 869 1 188 561 142 564 858 888 833 825 642 617 268 167 385 958 792 548 73 246 534 930 1 363 492 354 963 106 945 785 725 571 205 880 362 146 252 657 281 92 780 582 806 958 221 387 144 611 33 119 859 844 364 584 886 589 222 757 984 734 630 31 343 287 553 706 585 671 
259 968 382 631 86 952 997 626 41 157 639 120 498 713 489 939 519 116 262 890 650 232 980 788 211 151 749 575 306 494 697 666 469 243 818 263 590 142 552 197 193 740 430 389 132 386 989 43 584 504 159 736 320 643 623 982 816 23 263 899 263 37 442 929 975 922 923 173 773 136 710 751 164 865 597 673 823 736 517 476 399 419 987 719 881 862 881 994 60 689 957 842 329 510 628 229 132 907 483 129 
754 463 238 335 235 650 133 654 330 677 763 989 59 925 440 553 693 842 626 241 351 885 280 109 120 793 127 838 545 728 33 482 830 497 810 503 942 681 12 58 286 897 318 840 221 86 360 533 219 614 258 410 123 273 734 757 355 918 412 532 385 144 556 777 168 161 89 541 76 470 196 270 266 930 70 555 28 823 106 610 331 218 546 391 294 447 201 728 162 390 321 286 306 76 486 607 345 380 411 474 
757 919 555 26 487 90 738 631 184 288 950 89 79 775 320 110 880 159 311 86 78 96 455 886 524 835 470 218 577 932 407 598 58 398 715 718 805 0 876 300 651 255 916 626 845 180 782 464 850 623 682 481 279 396 87 778 745 733 604 978 255 904 775 408 147 971 746 785 947 597 403 65 411 502 708 300 493 945 426 85 731 985 841 215 348 35 783 219 230 707 736 841 108 161 115 442 912 556 170 860 
817 591 303 631 704 196 13 473 456 823 118 109 309 13 300 178 510 996 177 432 965 155 394 413 111 646 785 434 31 611 490 624 496 545 393 743 563 666 970 927 877 413 784 408 157 473 786 912 629 343 267 379 30 872 554 888 41 79 50 393 211 911 890 179 400 792 87 343 44 702 160 567 773 91 722 589 877 527 477 545 744 221 887 754 225 111 944 576 617 492 702 527 178 1 306 213 888 982 634 879 
226 27 920 649 32 546 523 766 557 30 532 559 999 549 700 527 372 290 204 214 736 766 901 851 684 816 354 768 961 74 346 73 446 750 498 781 253 545 379 785 844 231 791 857 251 791 434 632 858 288 726 817 861 252 872 815 506 684 866 74 490 804 904 843 599 217 126 227 605 864 81 767 643 376 78 926 924 723 953 509 553 609 351 827 705 454 973 137 676 701 122 644 60 757 50 383 70 163 21 834 
503 128 487 495 650 340 897 375 921 970 649 568 354 222 365 34 780 349 325 274 785 820 922 646 823 524 898 851 34 252 309 571 164 503 820 99 584 920 273 396 483 163 50 255 716 790 42 351 77 760 953 418 146 456 442 368 874 545 86 679 924 381 872 294 748 936 600 369 885 382 140 373 793 479 748 452 583 369 332 42 925 55 944 33 167 186 378 218 950 805 392 501 963 301 268 211 822 448 716 602 
91 149 651 737 140 941 167 77 925 712 941 27 363 147 681 14 207 280 875 955 962 63 422 220 632 996 811 650 594 145 118 902 455 573 175 577 756 349 563 787 500 498 251 41 768 27 454 299 186 172 523 461 159 159 850 11 203 611 724 58 913 370 359 501 796 935 294 334 976 815 24 437 860 335 96 246 692 231 846 326 49 758 900 502 732 246 947 715 971 217 982 237 35 315 55 742 183 210 810 566 
80 764 775 925 510 296 59 848 861 72 505 736 996 92 260 663 282 251 49 980 489 814 243 873 87 253 959 867 715 302 969 953 221 163 798 881 50 308 172 480 342 476 983 672 18 392 845 719 280 950 860 422 332 866 146 775 142 927 117 922 510 508 237 529 423 524 983 674 799 299 147 126 141 614 360 552 132 338 110 264 839 359 916 392 869 462 779 334 376 233 643 156 712 587 292 980 421 208 512 872 
173 589 448 121 675 499 316 222 609 0 190 8 247 111 49 748 724 385 678 832 908 540 551 89 490 995 264 812 56 582 403 619 6 427 987 691 463 925 363 108 514 684 207 784 431 613 995 848 312 652 131 435 194 63 619 208 36 813 496 415 576 94 38 723 527 524 124 410 202 763 381 296 398 317 264 312 960 586 250 253 305 134 106 896 171 330 758 275 565 119 316 837 868 737 99 31 619 753 435 975 
227 429 546 914 142 292 377 664 809 292 214 794 400 935 787 855 343 414 479 480 318 620 732 176 996 814 401 360 24 145 712 970 51 652 402 60 114 928 778 263 595 77 584 577 317 551 807 72 925 162 56 592 558 713 968 183 897 405 288 30 974 428 195 562 290 167 790 565 937 705 219 423 573 61 886 368 567 943 780 123 470 502 200 811 806 496 464 497 147 206 239 865 726 26 877 41 735 95 916 300 
332 567 596 574 944 675 17 513 151 230 539 543 241 674 847 841 374 456 876 575 265 922 800 889 560 524 660 349 818 562 822 570 202 83 789 501 243 431 170 18 397 692 597 149 375 231 373 889 365 313 76 529 876 800 346 165 547 665 434 15 148 242 378 719 780 52 894 876 183 849 671 468 352 842 680 413 647 500 914 900 603 412 385 823 779 937 86 494 248 425 301 687 669 887 58 291 553 203 224 186 
652 297 378 110 856 583 270 927 474 354 974 554 241 328 569 40 647 436 594 108 782 173 47 365 268 791 860 101 34 886 537 113 641 688 282 234 774 747 757 403 680 280 889 803 687 262 149 885 560 17 743 815 526 972 206 473 242 564 458 702 294 455 810 151 551 710 438 862 994 863 287 904 32 774 596 31 836 412 558 415 773 640 5 623 111 46 996 482 759 357 51 383 358 654 236 685 725 129 968 987 
195 386 915 615 867 876 93 430 913 836 978 572 646 346 452 275 730 315 616 289 626 635 671 166 578 153 453 683 76 795 127 105 546 932 449 72 232 475 981 391 630 822 43 652 716 486 989 21 831 860 714 374 595 173 486 347 793 554 87 537 996 795 235 984 6 582 144 235 48 466 925 579 722 816 831 841 927 724 814 843 117 993 386 569 523 523 960 192 172 921 673 454 212 834 908 591 328 574 706 112 
874 361 955 858 485 428 640 673 326 501 33 998 84 648 480 130 442 317 157 467 602 708 34 300 396 623 898 168 983 311 590 135 679 145 169 364 704 497 981 38 674 336 44 174 22 459 756 360 255 500 205 142 996 69 372 521 325 722 557 921 772 654 396 551 839 417 493 737 187 256 582 710 67 293 313 866 704 985 958 756 43 559 832 991 594 83 174 686 951 467 997 795 751 629 13 265 369 321 225 584 
765 96 387 817 544 749 439 772 701 482 46 862 757 759 134 758 587 991 840 18 633 739 235 774 999 955 703 533 694 546 956 250 63 641 19 145 17 623 86 90 835 367 196 646 526 210 735 389 495 264 986 327 372 265 349 809 85 512 787 963 109 90 646 351 728 676 89 61 39 379 749 757 490 751 32 892 350 803 396 634 95 230 444 539 39 549 20 54 672 877 961 818 87 268 551 239 897 375 418 284 
874 329 990 213 539 675 627 271 636 271 171 679 419 217 30 935 683 640 225 467 377 785 442 716 739 397 62 234 34 148 279 423 353 794 272 633 646 569 35 113 968 592 486 514 290 946 240 219 760 897 74 209 375 668 124 855 818 183 637 159 322 563 160 974 485 173 51 931 498 867 762 792 36 589 827 564 557 296 555 375 829 528 977 944 867 887 353 92 483 569 796 344 737 347 765 249 453 411 223 289 
272 857 294 341 701 630 284 292 91 147 133 347 163 214 708 71 77 729 991 635 535 580 657 83 48 460 246 983 314 531 676 324 471 57 801 911 470 395 775 596 21 236 887 894 369 18 341 264 484 410 48 811 950 550 477 945 279 718 740 497 532 797 435 460 88 149 433 8 253 109 54 178 267 762 642 130 999 12 83 161 592 843 282 70 39 593 504 234 477 938 293 232 442 625 354 89 674 741 24 22 
66 540 704 175 772 854 972 821 479 581 437 371 699 563 135 978 595 901 890 221 483 559 243 746 324 136 122 570 734 367 389 698 406 302 909 531 736 566 903 320 639 188 509 542 122 874 798 456 745 209 620 683 857 253 300 951 331 833 492 768 868 29 328 132 336 253 685 390 385 884 673 634 951 305 234 522 440 169 143 544 794 565 972 901 253 317 466 417 23 228 350 588 163 350 321 308 634 864 112 632 
268 487 972 125 64 252 148 430 18 607 26 170 453 329 596 657 818 278 884 294 831 146 882 828 731 651 295 98 409 384 638 640 124 680 703 967 730 894 619 892 715 436 215 613 771 638 738 167 182 56 217 856 364 258 334 632 478 715 165 189 488 372 775 303 14 766 217 297 644 638 79 962 945 672 998 275 44 707 944 457 74 267 43 261 870 708 628 578 330 718 56 926 796 164 403 477 29 441 388 299 
606 437 561 505 148 188 343 906 367 296 357 517 709 456 921 253 4 257 675 512 703 300 545 237 440 712 930 58 279 98 695 45 130 90 695 585 22 87 202 379 316 477 720 77 792 862 627 2 294 976 522 715 574 726 424 474 394 209 900 606 364 288 442 726 526 405 178 769 516 634 439 989 572 867 843 599 122 350 153 955 213 945 51 43 406 259 701 805 274 926 690 488 446 259 309 888 122 38 306 899 
913 251 671 314 455 393 901 820 452 783 171 519 337 93 205 552 992 787 65 517 409 215 970 810 706 419 960 729 279 886 208 245 210 596 496 352 461 296 134 443 629 417 337 151 649 354 296 34 844 895 722 788 231 205 550 106 818 641 811 266 372 228 610 888 970 949 891 689 724 359 846 910 686 436 524 963 310 283 700 784 33 862 25 144 275 567 532 257 246 188 423 171 810 584 538 340 239 284 889 563 
23 678 245 931 519 953 282 419 583 437 625 836 120 896 79 2 326 53 158 38 14 788 106 699 481 323 615 153 625 275 665 566 540 125 531 187 743 543 916 334 677 690 647 724 224 598 203 130 735 960 426 267 865 562 389 764 912 588 600 78 993 290 146 108 868 421 576 862 999 175 411 181 671 225 638 721 722 31 396 415 799 663 242 726 103 861 249 628 968 835 783 140 231 551 942 324 470 61 549 108 
486 511 501 785 287 538 71 834 13 187 644 98 917 778 573 240 521 894 108 908 992 600 819 867 250 284 412 93 218 622 448 348 125 145 299 320 418 902 248 809 754 987 146 308 434 306 451 833 471 867 608 340 433 196 660 987 219 640 59 488 394 686 874 744 163 828 742 314 834 436 842 892 161 278 782 523 334 253 276 265 560 150 371 548 147 478 394 500 633 396 677 701 915 455 492 422 337 777 373 489 
479 36 822 604 705 836 183 111 472 174 280 336 653 502 239 739 629 151 405 910 941 791 201 740 112 137 332 551 175 367 23 75 400 911 754 129 115 597 663 794 112 698 759 509 173 916 195 547 783 926 445 152 151 529 87 36 951 18 260 499 460 902 438 34 126 812 808 227 910 962 749 642 928 771 609 825 801 775 511 650 154 595 562 971 830 938 703 838 40 932 434 137 1 383 113 836 985 803 447 857 
403 490 186 153 998 880 326 756 240 927 138 385 462 30 708 847 730 43 401 818 164 255 384 75 397 201 688 145 247 29 38 717 393 438 932 101 42 289 702 814 451 613 478 975 762 344 595 692 700 563 750 696 979 441 237 191 505 748 91 211 363 873 943 5 705 221 396 223 653 879 897 711 954 767 914 694 591 496 303 993 612 147 764 384 780 724 185 566 972 504 162 401 651 103 193 426 722 183 970 534 
598 769 672 662 756 24 46 4 820 759 513 904 289 833 676 842 808 415 252 784 471 718 725 970 304 728 884 652 85 364 726 244 54 696 81 389 426 173 386 186 498 179 967 383 420 895 166 685 406 371 294 469 393 493 52 759 689 602 408 859 922 733 953 143 69 866 782 114 251 936 967 408 81 118 11 823 412 765 667 418 95 759 535 908 227 166 399 496 351 128 525 726 688 185 689 608 98 641 29 262 
616 960 731 958 128 16 51 424 698 266 521 361 267 291 263 199 949 232 934 797 169 479 827 670 560 544 888 207 774 388 144 528 88 357 143 244 375 87 633 50 502 222 58 722 489 223 598 868 326 347 578 325 968 913 274 307 809 795 484 556 64 252 813 346 100 632 580 257 736 861 828 140 71 81 821 829 969 892 492 20 847 399 697 705 979 765 586 829 660 617 863 926 881 224 22 882 803 216 632 415 
224 945 307 567 910 987 801 129 788 945 497 654 95 901 645 842 772 611 388 92 896 154 392 943 544 840 890 577 374 5 876 948 34 188 112 476 314 781 208 192 970 39 765 580 375 60 452 62 624 644 366 991 558 407 119 117 478 181 65 71 549 56 569 977 996 821 346 976 835 463 465 704 410 676 745 804 550 548 600 277 689 63 273 392 478 142 75 545 819 638 563 508 783 584 950 741 582 316 177 454 
819 727 444 938 645 906 251 143 741 430 87 57 527 916 998 661 975 218 742 211 270 915 0 304 93 501 706 834 673 994 141 493 96 663 1 821 387 553 165 77 92 696 827 552 337 28 955 903 466 488 583 450 248 260 288 74 518 416 279 502 789 949 374 716 826 590 672 635 451 55 965 358 2 37 947 804 960 534 930 726 550 202 742 256 808 466 707 707 355 864 484 810 857 127 772 716 658 221 977 10 
365 94 733 10 431 66 791 435 643 114 305 937 924 303 579 435 879 172 601 827 692 773 193 710 213 712 671 589 496 962 652 3 762 197 844 256 829 329 687 957 43 529 762 153 3 664 439 452 796 27 450 794 872 536 422 42 67 735 167 631 571 152 345 950 914 669 809 593 201 65 642 772 456 314 116 191 764 83 112 123 304 989 726 936 263 703 170 997 800 772 725 946 604 52 992 379 268 661 670 486 
46 139 882 631 585 853 711 369 438 290 839 616 555 100 342 388 794 293 656 353 671 711 103 69 570 624 441 402 913 565 834 900 418 414 847 869 7 771 259 744 50 173 76 986 572 176 968 719 345 711 541 308 342 753 734 577 6 451 989 250 344 622 77 542 861 146 191 247 705 539 72 107 112 850 32 410 19 880 414 1 891 63 706 647 885 105 275 14 471 117 682 276 930 382 935 387 944 519 787 341 
840 709 526 756 927 835 57 416 273 116 14 578 129 380 15 506 13 591 821 660 14 831 18 952 214 176 616 610 795 414 955 151 443 305 829 489 592 800 489 420 278 636 10 994 314 622 244 212 78 44 227 67 474 32 171 102 381 641 88 892 29 870 231 724 955 736 789 843 458 647 182 654 921 736 936 833 727 678 690 607 375 375 487 986 716 552 71 438 487 499 687 417 55 623 600 766 687 417 46 554 
902 674 602 542 499 793 162 878 368 131 559 721 769 808 888 443 396 920 93 23 531 477 350 873 304 338 260 867 664 612 72 398 324 105 500 91 180 191 655 650 332 957 277 939 603 344 85 964 425 55 60 42 618 919 843 147 465 838 165 204 478 826 940 886 378 394 76 126 539 392 983 477 203 597 18 229 558 293 800 510 972 877 782 567 795 410 231 401 17 179 409 72 432 946 552 267 283 87 441 431 
24 174 778 351 823 418 872 983 258 818 352 848 996 930 746 254 983 381 483 297 697 274 842 657 935 101 109 525 509 495 997 606 796 856 736 303 589 716 909 408 430 548 893 716 250 455 424 647 741 808 325 700 33 266 527 957 338 497 948 148 553 323 55 835 119 303 689 103 160 948 419 602 746 501 407 352 206 619 504 410 38 980 391 514 576 459 439 166 866 888 468 592 166 434 143 261 128 457 301 717 
446 497 905 779 519 700 710 429 431 519 354 558 250 192 840 842 366 86 844 290 614 873 436 585 893 156 237 541 440 809 764 690 151 211 783 276 165 481 218 963 213 946 94 460 392 124 967 830 772 842 149 226 391 525 382 590 301 977 833 291 470 388 406 230 772 99 757 780 43 261 180 634 865 852 756 908 120 697 134 52 882 815 514 221 341 67 273 40 751 82 804 175 115 772 387 817 60 95 675 869 
154 999 674 626 491 885 893 510 268 910 532 125 344 253 779 645 783 195 301 639 323 814 540 513 143 152 700 666 25 66 137 701 137 664 613 394 986 854 735 529 537 75 417 401 828 405 768 984 446 686 97 827 656 213 650 976 193 960 167 266 696 801 423 93 41 606 510 363 735 494 195 279 274 48 949 199 497 374 753 615 697 163 55 12 414 480 655 358 81 941 446 305 436 790 797 213 786 419 939 461 
146 5 706 30 997 462 48 345 69 497 223 498 313 258 702 641 286 278 825 569 265 686 791 975 554 680 739 581 235 775 310 352 650 748 610 103 866 564 538 933 289 500 880 481 173 147 94 595 216 431 882 642 606 795 756 972 693 815 409 605 356 424 933 436 7 242 5 706 450 379 3 724 388 345 877 763 870 623 960 795 939 156 760 960 611 949 796 496 211 468 720 812 63 360 346 848 930 471 897 934 
421 706 931 822 158 848 583 666 331 949 18 126 448 668 77 29 421 371 894 946 564 302 494 316 601 959 524 766 691 812 816 237 162 425 106 763 881 824 348 164 197 774 893 215 527 575 968 7 591 597 636 995 393 981 77 883 933 67 971 796 49 104 969 645 162 496 681 51 395 481 437 282 212 752 505 725 983 414 480 103 847 475 973 819 202 26 723 866 121 150 790 819 861 115 244 615 316 656 102 997 
564 187 635 699 527 853 143 519 112 648 647 717 253 862 153 794 446 956 906 272 405 215 919 218 934 5 48 419 929 184 186 882 973 310 637 985 703 589 157 430 539 669 948 297 819 998 256 335 142 147 81 927 666 815 125 579 869 399 471 753 944 672 582 186 533 75 354 290 707 318 501 98 608 334 79 947 190 593 498 60 561 976 151 77 424 44 544 524 825 849 48 128 946 793 0 197 413 170 452 656 
844 178 421 595 222 889 952 658 656 745 391 855 536 442 6 555 606 313 609 878 915 833 67 178 694 994 754 635 573 209 274 937 897 81 71 32 310 280 927 471 913 21 511 345 618 777 445 313 780 107 350 737 347 225 729 957 822 803 523 259 692 738 612 182 523 785 898 491 287 611 348 619 65 373 338 122 920 837 252 423 924 460 632 701 584 896 984 570 367 757 747 566 779 228 474 22 482 596 413 786 
130 449 240 147 86 994 881 817 578 943 195 308 651 411 687 802 811 342 233 776 779 7 769 252 97 848 388 443 245 361 266 238 839 522 609 994 363 691 514 264 215 342 490 50 988 616 276 879 307 524 556 921 146 481 999 53 935 157 490 315 157 9 400 671 133 718 680 983 918 744 678 29 16 443 33 311 597 508 293 741 73 793 786 771 427 883 676 673 837 411 972 863 433 475 127 108 596 390 358 985 
720 586 646 489 420 117 240 644 782 62 700 165 668 197 969 912 527 766 872 551 138 330 170 199 234 543 55 847 229 817 529 65 840 888 824 684 892 628 671 417 792 870 55 196 909 249 67 814 222 993 27 401 430 27 172 787 591 541 160 454 664 671 299 639 759 634 382 694 455 704 639 957 443 229 216 389 636 84 790 301 463 669 109 901 635 773 515 442 713 574 18 930 484 89 986 939 828 121 391 566 
86 234 670 874 30 818 173 495 944 70 300 855 538 512 455 236 622 840 181 638 143 361 734 547 298 134 824 388 112 724 218 854 856 265 741 430 954 861 984 769 257 200 739 771 217 789 767 325 58 125 140 429 138 863 314 81 42 798 564 459 778 827 833 844 559 77 509 778 22 359 536 508 721 697 397 232 601 537 278 58 164 451 806 760 594 886 295 275 603 234 637 281 403 895 35 329 776 575 916 118 
683 623 549 672 269 177 617 311 205 646 588 129 423 106 45 926 510 16 582 379 197 288 693 868 203 703 456 837 117 894 52 842 560 45 111 29 864 953 119 432 482 11 130 900 801 539 471 345 831 149 909 375 297 739 595 284 801 571 328 631 982 794 220 925 614 793 374 314 487 264 143 603 227 376 166 537 826 125 846 551 140 259 846 752 399 56 655 787 461 131 947 713 26 268 475 465 53 348 554 0 
149 46 841 23 942 494 562 408 51 168 985 970 894 100 791 501 254 337 169 447 625 560 977 353 162 467 787 908 884 501 467 296 112 395 117 173 699 732 245 387 284 901 312 608 492 736 746 48 175 445 881 458 834 577 378 24 94 935 875 591 60 589 297 912 432 568 323 726 51 698 974 80 124 19 539 594 439 541 774 623 193 333 983 434 811 751 246 238 317 216 907 969 708 26 524 832 959 52 27 167 
654 848 879 369 428 842 289 943 415 669 306 196 437 951 420 272 682 656 206 706 815 479 499 84 293 6 229 474 26 728 709 643 571 183 151 332 75 154 172 793 971 887 72 165 755 645 278 59 447 950 248 646 597 355 715 398 454 801 90 292 996 402 906 113 739 247 582 90 738 668 12 862 836 204 399 738 18 687 166 469 283 833 965 544 999 637 139 961 8 690 852 944 786 580 760 728 573 894 260 194 
345 23 847 759 145 475 751 93 890 812 373 292 238 47 14 89 76 276 267 403 643 801 92 124 807 694 473 689 522 62 177 238 847 788 398 212 371 564 584 908 293 148 169 673 767 954 113 473 909 224 44 780 918 574 752 729 257 102 619 84 282 926 85 780 988 689 601 69 465 951 26 65 704 519 508 644 967 618 888 160 369 289 932 734 105 457 842 694 824 326 296 889 652 279 640 653 769 920 144 529 
484 125 733 250 94 678 860 125 109 253 722 813 353 976 540 791 582 515 433 389 293 350 278 664 72 687 26 889 446 601 628 914 123 885 961 584 452 303 307 851 106 317 134 602 13 20 997 833 362 52 500 220 400 316 327 624 159 800 563 560 602 474 635 198 487 880 103 458 333 773 751 448 741 346 478 965 60 245 341 626 640 218 13 564 672 298 882 571 169 42 636 169 542 285 967 638 856 228 309 770 
7 853 242 426 975 418 401 543 926 12 366 755 14 711 611 301 198 295 134 191 229 379 691 262 362 170 638 217 613 435 100 614 538 777 811 650 640 695 687 480 373 0 542 227 188 770 462 815 553 772 957 525 644 398 545 117 181 727 578 201 319 13 597 127 551 704 170 336 511 112 416 959 646 425 327 636 43 716 102 921 338 816 670 732 125 920 847 751 911 414 2 740 173 552 750 645 158 955 783 587 
701 918 36 61 20 592 856 228 635 644 899 13 945 211 113 94 257 850 76 148 953 455 501 644 784 422 577 776 494 777 562 861 33 671 827 211 789 36 16 300 355 730 53 681 253 973 270 777 264 405 775 331 267 696 725 535 399 839 925 864 720 882 99 268 668 478 365 495 577 221 377 340 539 926 828 486 470 975 877 766 81 345 90 526 300 915 929 694 907 25 545 756 787 142 274 969 477 520 362 810 
193 3 722 420 397 265 857 28 525 320 119 469 213 972 300 227 293 119 425 984 604 54 183 733 904 590 575 316 437 991 363 715 773 239 51 195 310 554 834 874 906 505 626 878 107 440 676 899 509 941 669 927 193 5 718 419 71 953 779 709 931 930 438 348 708 872 580 747 305 217 56 98 356 720 783 105 852 140 396 510 237 475 101 857 19 39 630 566 7 888 340 971 752 921 564 275 950 615 741 506 
44 151 420 970 644 855 887 149 943 849 699 532 789 212 145 767 833 395 695 270 296 513 699 511 332 93 782 569 405 803 878 257 831 867 116 339 561 726 216 595 749 46 425 404 732 101 138 769 492 321 289 58 708 806 977 857 510 885 194 574 70 700 392 136 147 653 706 949 692 772 35 147 45 131 478 71 194 24 166 327 795 145 156 963 336 975 508 193 999 281 506 602 668 802 289 702 576 878 812 351 
109 432 521 933 784 208 594 982 24 788 766 256 951 740 336 753 535 922 614 983 454 346 789 700 477 462 98 333 413 917 660 67 443 309 833 129 22 230 646 550 398 593 923 30 503 289 701 468 679 177 62 419 636 687 410 189 33 799 796 523 291 762 73 119 815 160 346 798 526 228 264 466 747 872 603 935 476 57 259 116 168 499 67 972 481 920 571 822 665 253 573 425 785 646 170 500 672 675 654 661 
865 243 753 617 992 216 223 452 998 546 779 209 427 273 831 771 796 813 839 925 421 801 71 7 576 416 441 474 646 6 564 486 854 625 410 162 612 145 648 108 68 878 699 226 903 114 1 296 333 839 78 490 444 42 912 893 55 928 437 41 3 463 796 697 414 576 201 766 880 340 493 553 399 949 989 152 302 566 441 683 949 85 288 551 599 504 402 826 951 350 846 168 421 520 590 606 104 304 623 61 
788 712 285 857 38 197 447 243 653 798 463 116 908 184 533 874 541 412 828 136 168 467 116 97 212 344 866 109 893 95 773 415 655 29 538 678 978 912 11 955 942 208 595 202 881 79 173 197 951 917 926 269 17 766 599 34 105 568 760 221 157 15 346 236 522 60 747 254 850 158 143 247 481 127 349 134 949 722 472 526 300 99 415 330 915 352 176 460 924 446 624 847 143 208 637 595 220 963 320 482 
159 773 677 353 70 272 917 760 63 913 222 837 549 198 929 774 757 640 861 55 748 932 258 475 43 128 472 373 142 597 649 145 585 215 44 703 299 597 475 512 584 997 584 380 450 687 619 875 240 54 967 770 682 674 214 249 923 777 578 418 167 207 110 845 447 947 972 234 787 677 880 942 48 397 316 602 778 893 317 95 539 634 942 63 85 247 189 896 716 930 211 82 200 43 991 300 706 514 557 154 
404 320 738 721 94 545 707 222 334 145 303 484 935 661 763 356 110 387 397 34 537 212 995 685 168 208 100 423 497 3 959 102 583 959 106 411 538 954 950 465 173 394 610 208 116 30 4 42 164 294 967 629 672 22 386 51 792 38 157 638 61 46 938 296 475 25 953 154 837 679 531 755 144 824 180 19 945 877 379 321 216 793 548 538 513 840 440 275 48 30 866 793 813 355 86 846 792 806 533 983 
855 856 772 556 118 243 942 863 622 723 127 592 721 939 698 969 93 690 741 886 935 607 380 623 578 187 827 441 40 823 784 49 95 166 592 531 992 692 808 962 293 559 87 761 160 716 963 249 156 373 545 220 478 354 65 450 819 573 953 969 441 523 321 858 702 296 278 849 686 602 371 734 507 225 701 698 805 733 566 60 781 304 636 45 492 85 275 944 641 394 16 54 547 978 743 32 228 318 880 951 
607 101 437 177 691 641 240 548 183 596 482 736 224 139 631 400 282 10 40 666 20 73 241 591 863 493 404 316 632 545 581 474 491 478 32 644 906 968 40 191 615 540 137 430 383 383 744 831 711 265 610 63 411 578 146 445 757 67 31 342 514 136 165 333 331 252 395 374 163 981 573 243 444 26 402 718 792 315 329 616 132 912 447 937 839 421 316 985 548 556 408 558 347 27 712 175 839 567 445 729 
572 465 839 56 503 144 365 992 931 295 728 236 225 481 465 670 503 963 704 545 884 584 695 604 315 466 902 615 358 264 624 419 421 283 438 485 184 445 330 299 617 228 423 979 621 891 95 304 12 803 861 501 367 632 804 167 169 14 15 542 881 878 283 45 104 843 106 123 902 178 585 273 841 561 492 332 513 759 377 229 613 157 634 199 690 643 863 824 142 542 163 580 32 337 758 559 490 633 107 66 
329 214 562 432 772 822 849 289 652 628 175 726 963 17 705 181 272 490 448 40 801 699 290 89 154 801 64 33 22 150 305 146 162 657 213 417 914 316 933 576 743 738 960 658 590 688 657 800 855 739 119 860 891 443 405 165 615 591 971 890 313 737 164 162 121 3 707 220 250 426 855 658 49 954 494 547 197 250 833 376 903 585 349 991 796 584 114 407 808 418 927 444 158 283 213 956 717 981 122 720 
565 80 257 39 859 138 449 727 897 629 947 965 673 217 360 488 307 938 162 921 149 227 362 893 451 450 346 798 951 174 291 614 890 751 146 654 252 780 479 191 137 299 542 359 981 453 57 990 857 631 286 9 845 353 157 486 264 752 525 769 151 398 727 559 826 221 826 945 29 600 457 51 846 275 994 621 594 804 865 794 517 105 124 16 129 828 408 663 310 477 540 149 596 398 924 721 917 589 969 390 
318 709 935 3 287 350 47 17 609 246 350 316 535 112 150 253 720 380 427 447 709 991 17 954 662 845 596 229 346 492 79 134 734 379 985 398 669 698 742 81 377 148 834 556 801 178 899 770 899 898 207 216 220 672 715 471 678 35 901 258 705 884 493 129 686 882 824 942 303 969 949 318 275 805 316 401 305 681 738 117 434 429 722 232 12 975 385 725 68 33 449 642 691 796 377 295 605 115 418 921 
678 659 909 271 702 209 547 861 519 5 637 583 420 253 934 880 356 205 221 708 975 526 599 795 712 500 268 288 412 901 417 48 690 575 926 686 851 280 193 830 484 380 395 728 906 43 481 896 237 905 174 684 104 898 855 558 511 117 463 35 122 528 987 618 874 301 673 809 634 99 901 253 184 816 412 544 267 630 221 136 510 699 332 885 878 693 9 587 777 846 928 897 704 677 674 49 871 733 348 857 
290 209 303 265 242 400 152 63 903 846 224 343 672 524 311 47 818 688 764 890 838 127 161 274 686 259 309 643 800 80 521 86 83 315 711 820 690 229 679 52 704 380 12 615 859 858 631 409 395 514 42 666 661 249 24 70 619 42 635 522 118 861 126 952 999 280 421 525 666 245 121 16 348 382 320 630 150 727 340 180 410 36 747 932 854 811 447 389 543 562 150 228 688 372 629 183 579 200 409 571 
15 939 742 427 539 703 636 261 730 3 854 72 919 45 461 57 434 421 724 606 60 444 493 658 551 757 629 242 162 795 867 39 460 108 566 797 6 812 592 195 190 565 189 301 233 725 985 63 825 304 681 66 791 311 360 59 619 937 253 562 570 250 739 129 591 330 290 838 733 951 572 474 531 373 890 283 225 492 871 326 90 923 277 385 387 180 823 33 979 144 535 615 419 908 649 392 176 260 368 765 
31 679 408 792 392 931 403 241 486 155 583 576 166 358 72 147 214 762 938 602 56 384 34 537 582 578 670 734 624 866 393 68 164 93 916 967 822 288 706 832 937 449 570 427 700 697 386 672 504 929 513 607 521 283 446 40 491 690 88 481 751 893 22 201 726 143 824 629 509 571 909 752 985 806 958 616 445 877 211 319 674 17 269 776 847 472 995 35 65 910 713 778 780 396 509 589 26 480 612 834 
780 220 422 129 63 355 165 231 792 841 67 650 236 523 908 189 449 128 809 939 249 62 959 889 40 511 408 927 475 213 208 224 139 684 19 899 163 615 213 712 542 614 842 191 421 870 583 581 920 41 776 136 778 128 532 734 802 919 174 417 431 80 525 325 963 490 542 965 532 802 184 923 671 763 488 47 254 411 431 506 187 246 457 282 413 558 582 816 211 75 790 457 814 48 617 251 36 246 894 200 
138 829 533 543 26 936 789 217 318 424 266 402 891 852 402 769 169 192 943 993 818 515 842 488 569 245 830 536 550 337 882 981 815 999 3 374 328 557 666 279 150 887 121 598 240 285 836 724 87 100 198 775 584 87 281 150 896 960 186 765 567 689 844 721 344 80 252 102 776 131 797 471 613 936 549 5 689 280 280 781 767 980 843 795 341 416 587 355 554 944 159 945 98 81 483 735 72 1 151 768 
371 169 768 610 828 633 709 193 31 581 548 770 528 991 662 501 864 973 376 983 256 341 204 438 485 294 799 678 364 385 788 67 592 799 689 176 707 508 48 544 929 549 898 332 251 222 47 764 266 239 96 185 345 992 456 186 16 426 160 637 79 784 235 977 24 926 578 689 881 248 696 100 528 551 808 539 71 920 446 274 602 773 491 850 814 199 805 790 389 420 534 205 631 910 244 200 659 229 209 405 
78 934 764 19 75 35 664 502 917 29 451 141 337 447 673 66 286 661 818 202 401 228 185 478 460 172 551 953 896 4 264 547 979 877 812 46 691 762 912 535 972 421 406 294 270 909 586 961 338 231 279 262 262 883 746 520 496 905 572 412 8 556 950 613 592 317 848 812 440 498 602 988 445 897 103 549 682 888 7 631 106 999 188 393 892 192 679 899 224 373 707 801 442 499 843 65 181 118 96 71 
257 862 77 414 335 416 550 610 420 423 310 443 213 212 529 141 11 812 745 686 391 769 573 232 287 764 118 639 32 145 996 693 487 779 585 101 131 170 436 996 813 562 937 966 380 511 198 704 50 405 841 458 530 212 232 704 270 588 249 273 692 653 972 903 113 955 902 144 881 208 199 652 757 970 926 41 510 766 75 99 81 485 925 223 668 519 198 570 528 757 75 942 495 59 360 45 296 405 172 305 
888 577 961 106 859 318 151 473 836 779 256 998 817 340 559 797 387 896 501 534 604 366 500 821 802 778 248 351 67 690 835 614 713 717 592 6 600 590 546 345 613 974 822 424 378 800 365 196 759 785 551 188 683 288 29 591 228 82 173 636 867 216 467 376 243 765 878 120 99 619 185 472 586 6 995 523 755 547 569 475 185 250 274 244 53 241 764 204 949 939 885 374 7 634 708 95 87 248 585 336 
885 476 435 637 291 459 288 557 349 37 458 356 17 585 48 765 249 491 106 580 631 550 818 619 744 205 31 547 412 694 467 661 893 313 263 129 55 309 126 143 503 36 224 133 934 480 696 936 608 78 55 606 959 970 154 548 438 971 970 475 107 720 419 456 932 131 471 508 230 765 147 17 666 858 51 535 105 318 25 61 409 121 748 444 184 487 527 224 392 515 966 128 156 709 625 969 754 401 690 766 
889 658 209 803 157 126 258 561 25 180 525 564 341 52 79 524 272 550 15 833 783 501 220 491 262 437 949 800 446 979 384 935 432 52 151 476 777 9 767 949 143 769 435 989 195 79 314 943 519 766 684 373 658 370 66 281 154 840 935 669 809 729 153 782 514 635 492 134 894 521 561 937 467 21 907 464 476 491 315 605 942 975 277 38 778 409 138 261 887 551 879 415 746 828 589 44 816 96 970 991 
51 921 457 966 796 800 845 308 792 351 780 613 117 641 522 66 6 146 203 622 470 665 525 767 570 531 956 497 42 979 536 384 737 310 101 516 418 363 833 890 390 571 468 113 643 461 595 354 615 494 324 59 470 135 833 269 0 335 815 581 151 58 126 232 7 338 510 803 414 197 208 698 462 839 738 447 377 986 655 685 517 604 167 309 248 912 211 889 165 886 324 80 431 271 588 881 630 964 996 11 
888 415 216 876 305 156 784 464 198 537 312 893 31 940 995 772 651 108 51 411 65 306 940 673 123 481 754 489 245 924 240 59 199 591 90 919 391 298 397 516 547 57 854 232 654 814 600 424 552 227 658 274 875 795 792 81 27 481 208 106 901 571 984 908 268 231 279 445 64 655 201 923 816 186 87 79 449 315 446 905 383 6 854 504 875 863 230 528 734 757 910 666 518 728 806 950 734 999 445 652 
842 861 884 276 724 724 732 626 729 74 525 894 63 572 912 779 290 336 48 438 557 959 108 689 191 67 416 385 798 21 934 397 888 395 502 136 15 936 725 489 141 36 661 809 537 749 17 132 984 582 564 275 135 663 731 585 424 109 288 845 452 587 840 888 232 281 407 567 691 245 754 867 742 456 814 568 540 58 872 178 460 279 700 703 365 908 153 344 826 845 796 1 407 377 709 220 619 88 87 369 
773 235 188 82 227 902 472 524 833 410 860 959 863 885 439 657 399 894 504 384 717 115 846 959 936 837 995 307 128 695 559 846 311 723 841 572 237 486 259 604 199 181 351 97 745 935 132 42 412 213 54 703 984 304 477 629 334 505 444 483 15 295 973 270 377 916 515 666 516 865 328 170 911 907 624 569 297 278 733 34 373 690 597 886 996 875 25 124 385 149 711 437 178 622 314 184 67 950 456 43 
215 774 733 84 801 53 247 7 887 305 953 777 41 308 371 708 225 68 194 827 971 463 436 441 150 726 863 869 268 890 130 969 127 725 828 483 724 11 163 627 756 952 944 150 897 979 834 995 782 203 752 92 154 305 707 655 646 199 266 805 356 263 216 130 987 311 27 471 793 635 606 301 552 236 850 307 212 543 353 993 955 609 67 773 94 226 60 894 16 943 5 280 268 989 841 800 100 667 652 120 
143 175 719 716 562 947 951 366 819 537 583 767 673 461 339 696 672 707 783 24 484 408 390 782 428 453 887 137 249 473 781 541 703 574 631 218 483 191 359 952 37 657 326 37 504 480 832 723 328 618 76 331 451 890 335 70 51 662 609 118 91 722 632 816 656 936 380 501 650 920 19 425 211 293 365 107 423 696 946 918 525 833 891 688 957 923 47 337 146 856 319 910 386 485 252 527 211 830 63 381 
808 557 705 649 477 231 236 936 279 919 610 851 216 848 628 87 449 125 870 351 440 435 473 499 837 610 985 227 367 215 384 796 341 910 26 455 226 486 619 70 632 37 886 592 144 854 136 175 480 959 444 544 758 496 279 987 557 489 79 972 613 516 104 33 40 795 423 180 874 235 946 939 609 249 135 183 614 739 477 650 81 130 8 156 876 294 857 135 529 595 309 89 997 315 589 35 337 341 702 664 
631 580 97 328 50 299 318 702 649 783 932 862 853 189 172 858 129 246 616 751 378 711 53 340 590 126 264 563 306 987 737 483 190 19 169 141 900 707 761 661 66 499 998 820 108 464 72 132 645 998 338 603 903 398 287 523 185 157 466 265 192 253 462 181 578 48 472 169 279 73 322 846 704 22 617 580 493 595 210 120 41 360 96 970 545 527 49 175 669 774 746 445 118 900 183 341 537 554 231 790 
714 846 224 544 429 952 951 85 600 303 691 543 957 300 339 94 383 50 748 800 883 275 639 454 609 303 35 517 603 353 727 498 606 946 290 10 894 50 375 937 662 83 915 785 592 713 569 29 906 927 856 174 531 188 595 70 604 846 217 459 105 189 614 214 994 139 642 5 13 306 481 550 319 976 650 37 635 959 435 952 474 735 678 808 732 127 813 651 677 529 299 496 627 735 302 138 95 275 535 25 
186 803 308 229 546 636 497 692 798 558 802 926 158 289 348 184 470 478 941 678 276 593 912 388 8 125 645 662 764 441 753 70 908 386 346 398 568 961 886 647 584 190 517 369 599 21 371 284 682 480 842 519 563 357 520 398 649 122 717 993 266 342 984 875 164 529 834 601 945 159 315 532 753 0 643 583 380 604 548 365 400 374 598 661 263 222 187 528 205 715 37 229 737 457 676 914 426 399 692 501 
876 284 646 251 626 60 694 690 494 325 813 114 375 23 736 642 586 595 809 816 357 58 109 352 720 810 181 393 493 861 56 347 737 170 577 910 243 832 861 232 804 480 864 29 384 755 232 724 76 964 882 967 808 694 884 931 936 505 147 561 421 938 278 812 545 424 867 883 971 246 856 338 351 214 68 804 762 58 815 452 221 361 199 493 519 168 532 653 976 191 823 329 291 582 158 382 724 271 643 284 
131 389 303 23 511 678 553 409 334 349 891 26 844 667 918 105 10 647 668 328 73 827 519 419 439 441 713 433 337 942 331 191 138 814 578 889 907 104 350 242 484 739 85 997 249 1 32 789 288 763 356 418 634 149 684 517 992 324 709 695 89 749 722 957 665 464 737 958 963 804 21 279 315 268 237 807 77 563 366 495 922 540 180 205 172 742 295 49 335 502 291 550 91 781 440 437 871 211 820 71 
817 331 725 930 491 137 636 478 144 634 342 448 199 235 637 87 911 197 462 941 412 871 660 967 96 972 173 921 709 391 779 188 474 84 758 874 469 241 320 923 905 501 682 72 736 727 437 120 178 954 827 858 654 560 390 34 31 37 209 271 923 501 86 925 121 544 176 990 425 404 707 942 225 68 472 831 404 129 509 178 477 230 932 199 285 88 579 727 929 461 204 248 280 196 662 481 276 430 940 967 
