100
772 970 711 119 185 799 684 204 126 434 806 87 560 66 860 747 881 218 779 258 241 80 504 234 614 497 911 172 424 171 803 361 344 683 815 710 467 975 884 930 473 742 516 390 450 47 527 124 515 560 851 986 381 185 265 641 768 768 365 185 30 533 831 464 770 976 136 859 627 802 447 492 556 266 701 284 966 329 693 586 607 536 928 773 453 256 223 471 838 649 51 546 634 712 362 39 203 123 586 629 
43 255 707 839 567 388 864 74 315 478 455 109 814 832 673 425 223 340 660 147 136 326 607 991 290 962 517 151 338 227 45 805 946 758 585 406 779 325 319 623 401 744 957 612 639 737 952 238 693 471 901 805 823 46 481 743 216 293 535 272 415 224 361 498 265 646 889 726 935 126 576 52 289 822 998 656 58 836 363 837 486 128 933 918 834 425 19 819 324 392 242 49 987 882 422 541 391 313 11 746 
931 437 652 969 738 159 268 440 200 847 779 566 691 7 859 902 418 375 139 490 220 394 884 234 684 337 547 326 340 294 998 816 904 740 299 845 668 885 269 37 432 788 39 328 91 20 134 508 902 176 963 53 442 189 294 292 380 253 97 500 360 341 252 928 533 346 772 336 464 343 394 998 202 41 721 52 94 295 872 737 854 940 345 596 149 344 656 255 331 198 400 503 92 423 755 483 882 630 297 660 
668 93 923 676 735 520 439 153 340 408 231 620 226 844 645 229 270 411 578 866 800 268 56 32 871 258 684 985 720 874 368 822 987 911 487 135 334 808 11 376 862 384 795 206 979 430 497 555 588 854 484 742 363 160 864 807 730 711 263 417 965 349 218 321 818 21 304 310 383 481 219 417 155 229 502 575 384 307 731 500 119 425 917 139 372 704 666 339 323 398 371 332 12 999 47 443 27 95 780 313 
275 787 423 67 875 168 639 54 257 916 917 713 503 20 310 255 564 494 732 629 308 384 474 993 98 296 326 500 333 325 140 130 712 270 881 839 839 106 381 307 263 63 661 401 381 287 215 861 146 256 607 236 733 715 458 769 9 80 265 829 224 47 960 614 713 538 655 804 94 697 25 176 73 854 540 29 248 554 768 971 174 784 875 977 804 353 492 436 840 255 38 22 277 581 704 104 371 567 547 290 
313 279 451 906 671 991 97 84 601 134 761 402 17 468 784 924 731 776 704 177 0 325 94 462 835 464 491 270 560 165 555 651 398 402 195 84 122 780 150 847 790 785 337 681 50 534 853 476 810 378 269 584 903 626 849 557 331 214 491 424 695 204 720 493 879 836 376 539 33 356 481 86 169 252 993 977 497 269 875 754 335 533 789 890 351 94 991 741 963 265 294 823 272 692 49 752 515 564 772 906 
788 919 915 128 482 192 113 97 358 96 843 669 996 835 910 431 616 730 176 932 325 31 309 595 100 166 288 85 459 17 973 295 852 268 476 557 631 779 433 490 482 969 250 157 944 555 473 22 585 596 563 378 401 914 600 275 762 528 451 171 558 845 996 154 767 805 924 983 754 871 577 11 725 207 99 180 724 485 134 816 154 429 281 584 405 992 350 272 387 516 755 252 588 679 441 108 88 993 291 35 
147 771 520 157 21 962 125 720 575 793 669 140 835 958 498 541 483 795 97 937 717 696 456 821 254 63 259 189 444 896 576 604 264 766 360 832 852 986 567 17 665 703 509 731 613 277 814 803 938 370 959 727 506 470 10 400 954 293 828 300 245 410 284 903 491 594 543 347 241 327 866 640 859 583 903 661 86 852 637 943 235 909 249 273 817 68 377 765 483 345 802 522 514 264 423 871 675 974 406 887 
60 169 502 341 179 785 524 249 169 210 38 795 69 355 327 848 259 92 20 484 94 715 798 575 515 16 969 466 825 538 404 43 190 993 923 735 347 109 90 616 11 175 666 983 528 102 976 364 751 437 908 147 205 276 248 817 361 827 402 976 876 206 347 584 822 877 81 159 475 339 745 361 382 474 369 619 397 525 30 908 61 599 977 373 695 418 703 251 171 689 705 875 924 274 929 149 997 734 663 972 
138 940 987 421 593 365 963 141 618 145 511 440 430 673 131 32 68 750 837 51 682 659 832 264 297 558 664 251 993 77 94 95 840 126 430 675 733 239 536 480 601 536 28 330 713 821 82 789 293 793 208 266 636 927 469 665 716 554 254 113 940 248 302 935 781 794 276 108 737 784 447 818 378 651 773 815 78 802 973 331 33 49 193 351 859 983 345 694 828 742 219 64 510 657 951 693 18 289 379 415 
781 56 722 899 980 962 362 850 933 977 989 370 576 776 360 938 719 377 387 223 210 283 201 72 917 310 441 824 142 474 947 861 425 407 959 493 295 621 762 721 303 232 514 108 443 372 325 765 358 567 29 147 900 87 726 48 227 585 675 810 833 356 78 422 470 558 191 853 979 997 527 892 755 128 204 71 81 991 359 974 538 536 205 850 332 748 676 777 975 385 295 456 4 697 450 177 563 827 721 30 
777 904 863 468 865 985 683 507 330 231 88 885 26 636 52 813 634 840 49 682 82 982 443 988 725 936 865 919 361 63 591 629 664 680 331 729 594 491 615 761 727 910 254 923 671 282 514 700 860 853 734 828 243 480 232 30 767 264 777 7 902 250 575 213 544 35 843 290 141 935 327 361 271 59 490 224 864 724 967 270 228 793 434 223 698 582 45 621 287 555 459 282 932 205 187 668 482 435 966 248 
787 899 188 162 818 158 12 259 541 345 827 540 185 118 279 978 0 290 468 130 679 896 838 383 811 806 441 138 237 327 854 266 354 337 838 812 992 903 155 676 950 57 709 781 804 195 211 381 11 739 123 949 958 359 196 199 209 767 625 792 729 606 9 721 980 799 117 913 42 206 145 533 652 140 734 290 620 679 599 825 910 130 603 957 141 928 931 722 576 935 693 822 110 82 128 92 881 135 832 158 
143 427 324 755 518 939 62 386 561 140 395 182 878 725 236 362 331 571 796 815 440 685 171 675 621 850 187 804 279 792 601 734 168 142 621 681 197 396 749 950 788 593 135 891 717 157 854 861 168 9 431 286 335 995 21 360 269 150 817 617 712 50 470 79 683 911 620 821 416 56 963 350 852 806 547 337 234 122 25 406 612 872 596 817 647 208 473 140 455 974 540 2 563 556 296 961 650 975 489 559 
447 759 231 977 1 995 942 775 85 917 820 508 392 9 403 261 71 732 496 536 506 762 458 303 225 256 599 637 725 788 51 152 642 714 963 248 643 824 449 870 703 668 48 704 627 252 83 581 312 39 561 628 910 170 796 506 169 461 706 619 259 23 947 568 594 959 925 602 651 173 156 462 63 105 485 250 365 114 221 679 921 201 110 215 155 303 898 232 411 11 379 210 764 337 474 110 278 368 230 40 
288 371 431 494 221 250 947 497 583 89 57 331 994 426 85 425 818 247 996 284 279 418 952 275 448 296 277 795 910 643 189 281 282 496 834 319 10 497 450 285 952 891 183 722 171 914 167 643 242 771 673 868 878 722 658 397 912 990 895 974 555 90 84 70 754 309 972 232 877 68 513 711 304 911 775 908 637 537 540 509 628 627 635 528 927 796 537 185 987 650 447 944 819 308 1 246 287 787 646 866 
742 789 930 431 168 292 664 888 423 695 124 686 638 16 936 521 387 878 365 574 897 27 940 872 89 801 693 834 626 352 704 28 374 779 923 356 231 92 803 534 569 157 342 399 866 120 753 743 64 41 117 453 562 787 503 335 594 600 488 418 209 414 882 935 620 526 525 655 645 886 729 128 964 521 588 360 832 573 918 193 544 654 810 806 63 113 848 549 344 339 378 141 638 595 572 674 336 582 199 55 
722 162 631 588 735 452 524 72 750 686 78 816 723 219 429 336 711 101 111 137 426 481 627 100 440 433 981 278 690 867 451 773 935 624 520 474 395 983 15 527 230 522 771 195 343 306 460 771 443 63 12 132 937 626 770 718 376 215 207 115 699 365 751 584 219 728 827 755 462 209 197 46 575 595 419 787 622 545 359 401 122 527 854 205 588 366 312 676 293 213 232 264 618 892 76 753 671 842 799 574 
770 57 709 205 554 632 31 991 392 474 856 767 844 773 902 901 99 734 725 678 807 842 857 910 552 864 370 336 546 318 109 180 694 825 161 299 558 809 735 544 795 620 645 904 97 457 932 707 502 752 753 683 159 808 537 644 147 761 849 412 332 724 245 229 923 104 663 489 443 518 546 662 217 414 695 938 530 291 144 984 910 349 876 211 284 190 82 467 597 664 465 318 677 76 583 552 992 853 64 886 
225 367 834 128 657 122 942 717 790 364 858 731 210 517 77 271 814 588 186 18 942 251 905 181 854 607 850 86 909 330 948 395 153 412 853 670 660 303 58 114 614 282 745 125 602 313 309 431 541 818 899 114 692 35 826 922 902 763 200 478 67 926 403 712 562 461 444 658 313 653 987 793 504 334 367 214 367 391 29 978 418 377 387 906 513 825 693 180 253 673 63 713 96 97 252 788 789 466 335 865 
480 396 640 441 590 793 98 221 560 777 194 529 396 207 402 491 309 331 631 156 732 986 64 951 479 363 592 367 97 899 606 174 641 660 667 771 928 609 971 475 781 789 967 955 515 773 890 141 526 27 811 842 626 260 643 759 469 612 184 450 374 145 992 175 285 101 986 750 36 488 905 247 711 349 315 385 584 219 841 695 998 520 136 181 687 41 128 577 172 797 129 293 276 106 815 332 979 975 486 371 
596 813 406 450 341 440 637 739 266 602 137 474 261 17 245 981 292 320 734 254 699 468 966 711 548 832 745 982 68 139 558 417 215 415 328 635 207 182 606 960 689 264 544 133 1 256 515 4 512 304 494 46 242 10 198 777 165 657 111 637 742 47 332 697 430 648 185 227 622 222 630 480 678 231 183 273 612 340 826 567 115 651 864 616 770 408 136 355 31 527 825 216 203 220 670 507 472 239 839 362 
744 114 621 829 448 741 525 366 637 741 562 249 30 768 884 501 98 940 293 27 211 208 454 744 731 475 709 238 501 972 274 743 512 169 458 716 679 716 164 291 861 691 306 415 879 975 714 645 586 255 685 476 696 846 384 956 684 298 17 467 70 7 828 555 939 67 295 952 444 827 114 336 379 94 915 692 681 344 865 399 603 834 64 100 710 104 421 925 664 707 738 97 193 24 723 317 819 856 250 598 
46 426 904 894 135 614 750 494 449 859 275 987 132 756 686 92 333 790 190 434 119 317 679 57 585 383 537 494 23 881 180 209 413 617 790 69 313 819 905 494 825 24 694 578 933 396 542 435 110 999 971 836 807 575 922 530 347 660 964 653 199 84 213 895 938 415 76 300 714 38 676 619 376 255 227 444 311 732 361 834 280 973 627 963 266 531 817 957 513 647 588 539 76 242 445 792 171 822 186 508 
145 501 401 125 366 953 170 32 649 875 607 320 244 703 912 750 111 296 149 105 346 353 811 304 693 964 475 526 131 821 199 412 262 505 382 758 524 732 98 431 643 929 16 950 561 630 696 773 735 814 510 231 734 232 224 971 99 456 640 46 223 309 780 445 730 411 197 515 433 657 781 368 229 438 292 731 23 408 972 554 377 165 692 847 262 957 698 972 956 991 780 26 785 164 945 447 60 945 388 959 
678 241 33 980 728 938 642 536 46 910 316 946 285 725 222 792 209 185 66 148 706 210 703 698 384 251 902 593 772 133 236 672 465 746 863 42 467 869 244 957 279 688 192 520 787 934 901 859 15 714 440 979 565 816 489 550 444 114 139 4 235 901 756 958 468 350 327 739 87 735 544 377 993 278 719 946 756 368 497 167 817 402 356 584 595 344 186 93 390 282 799 975 592 171 6 218 519 747 136 663 
307 336 727 437 924 433 299 304 143 899 50 93 910 479 469 260 638 164 345 863 269 193 915 370 67 302 240 572 912 779 356 277 623 144 713 336 505 119 290 83 677 536 32 804 286 931 253 175 381 11 255 421 825 577 103 767 429 646 219 931 337 37 937 454 843 624 389 995 559 986 869 179 628 45 490 189 866 957 834 904 753 685 708 887 267 304 331 380 221 458 671 232 409 329 416 241 88 910 685 893 
606 432 564 591 118 99 674 232 729 205 461 663 529 817 232 564 194 0 759 297 603 524 364 434 209 143 985 23 21 900 263 303 863 539 326 32 811 435 30 636 419 539 734 77 797 873 322 389 366 967 826 783 207 531 33 290 976 950 652 663 850 624 220 217 169 834 925 317 377 619 815 130 640 271 372 178 421 916 516 481 544 495 630 742 818 927 152 272 878 672 616 362 632 180 459 418 132 364 783 903 
106 285 253 1 257 929 985 637 346 611 548 289 343 87 153 717 691 64 927 947 11 212 359 728 198 494 622 251 449 323 141 189 294 199 303 794 597 257 995 999 523 148 427 748 611 927 964 892 931 591 71 835 400 923 551 776 156 864 548 547 815 654 663 680 315 427 431 308 917 983 251 751 521 392 129 355 357 183 519 629 184 754 800 17 764 835 681 699 731 649 348 163 318 517 828 56 859 632 835 904 
632 747 185 254 683 967 901 94 515 239 625 926 645 634 65 597 984 501 124 792 154 272 639 746 974 984 542 636 389 542 452 661 86 941 348 740 897 98 425 740 952 927 443 423 583 912 788 470 634 385 146 760 737 527 237 201 264 647 523 380 450 789 722 988 319 638 182 920 131 143 955 862 689 527 558 401 816 794 159 485 452 936 825 482 568 37 765 687 59 778 380 426 129 765 820 781 300 660 477 74 
130 759 180 747 752 71 368 315 935 161 339 353 638 48 899 943 584 258 513 461 928 866 841 11 58 462 892 727 156 745 378 660 717 667 60 12 20 503 161 262 612 190 760 507 782 603 222 70 728 710 575 963 365 845 754 554 717 240 888 771 479 611 917 539 260 954 523 528 69 519 579 210 600 352 821 171 174 159 234 664 25 282 480 960 564 404 318 877 59 291 193 416 22 196 14 218 672 307 232 656 
940 264 381 534 426 790 660 56 30 30 33 165 809 692 332 477 341 375 623 444 187 103 695 887 696 650 637 607 943 480 661 83 64 328 982 555 394 642 683 203 260 671 297 956 963 725 131 561 279 111 339 592 446 532 554 967 877 807 713 490 844 56 176 754 801 521 847 928 424 715 35 139 170 825 364 758 676 765 685 53 818 410 795 601 490 267 361 233 101 250 683 60 988 451 722 101 744 633 632 486 
445 577 60 416 527 150 384 466 150 29 769 280 94 522 903 854 58 826 517 213 833 11 715 452 233 680 443 883 340 370 40 469 464 700 142 380 260 517 166 921 736 331 664 131 707 142 462 680 195 98 390 762 233 34 489 140 282 361 218 349 37 186 433 756 34 852 400 397 992 782 869 530 722 321 618 982 882 717 394 510 191 732 316 529 387 319 644 769 152 405 433 538 908 755 57 867 18 865 924 91 
275 249 775 646 317 709 151 768 843 377 737 185 949 279 903 881 545 242 870 397 402 93 974 747 720 428 209 963 56 475 304 343 822 670 50 261 200 41 750 681 900 465 348 488 917 586 495 979 650 163 509 952 368 535 466 296 937 773 377 148 404 714 637 361 271 13 679 542 131 763 177 171 135 309 43 308 87 639 171 542 574 194 258 770 234 908 269 296 952 110 633 861 791 678 755 840 496 230 70 993 
182 85 390 475 19 149 149 173 996 717 516 243 118 591 933 594 729 756 478 115 547 903 633 487 96 63 225 733 993 721 215 63 738 814 622 628 185 977 956 786 28 164 82 849 241 130 702 576 588 688 695 914 509 136 456 817 904 702 585 319 185 567 226 840 959 126 609 148 728 233 798 723 805 459 925 618 368 268 388 741 931 142 254 877 475 473 767 980 413 953 945 599 728 366 334 820 83 493 287 579 
904 573 436 273 569 916 605 827 849 907 168 521 119 159 996 907 551 562 886 48 137 778 546 364 902 864 892 137 664 523 863 794 665 101 446 524 335 374 417 14 430 473 35 755 359 380 729 5 536 963 181 268 596 967 972 199 452 323 140 802 261 120 51 849 124 905 292 44 664 345 395 43 551 532 170 924 867 740 533 658 622 989 444 456 156 914 470 943 281 689 134 765 282 20 761 663 88 754 325 504 
194 102 73 729 114 638 344 147 476 774 455 611 466 934 818 910 963 842 330 462 221 120 586 851 680 327 178 877 525 166 251 984 111 283 955 985 417 325 676 721 257 388 49 936 883 239 568 27 240 806 574 641 337 762 327 523 718 441 221 154 100 575 124 741 375 897 587 443 452 43 941 813 130 549 369 424 849 865 310 850 988 696 963 626 779 902 774 189 437 899 316 951 172 395 121 903 329 712 176 526 
369 527 500 0 560 521 672 659 341 450 780 361 286 999 225 121 470 115 768 595 723 531 853 747 493 28 306 237 21 401 505 450 786 889 833 498 321 240 254 19 422 852 370 880 758 267 128 85 183 659 426 658 242 3 497 279 744 784 862 919 883 930 791 152 710 993 308 930 968 633 610 133 924 374 287 440 572 420 639 735 928 5 831 477 202 345 112 307 604 497 791 535 356 637 290 896 846 919 645 328 
130 535 45 124 768 839 861 945 209 674 0 847 640 305 878 18 889 423 602 150 73 910 283 307 191 920 458 969 593 963 915 598 753 839 528 974 641 449 842 170 228 613 417 452 648 463 582 121 137 163 839 616 688 983 347 867 988 13 254 380 743 333 847 818 556 274 297 851 623 691 31 67 966 653 603 70 974 63 848 571 322 327 430 539 608 427 111 720 587 747 144 696 320 525 753 940 339 400 865 484 
186 197 884 998 70 506 774 318 341 442 164 792 666 42 721 772 153 100 590 314 677 785 94 510 741 411 601 93 679 377 943 625 803 351 208 960 964 557 113 764 394 846 906 847 403 732 94 734 875 145 154 432 490 625 273 206 581 919 407 44 999 198 749 49 569 753 700 828 456 412 310 303 943 276 337 673 308 956 365 791 719 619 289 570 800 594 121 887 648 586 610 434 500 685 769 324 45 915 409 416 
59 121 555 320 491 413 307 149 774 572 624 407 324 24 604 97 697 388 813 985 911 234 772 79 924 496 692 740 950 637 733 644 668 490 9 991 702 919 782 796 200 267 462 535 27 617 827 253 580 231 31 653 497 136 35 202 865 117 710 142 700 863 960 841 955 465 104 747 705 139 619 238 298 97 670 151 554 334 806 222 394 483 421 139 998 477 200 132 155 638 287 173 871 522 500 279 137 52 472 812 
19 938 258 810 92 183 849 22 331 863 740 58 393 568 136 874 631 728 114 140 472 977 86 191 736 756 112 333 741 93 784 435 860 555 795 952 151 243 263 636 710 805 951 460 148 743 832 387 611 504 587 139 578 656 277 652 726 927 675 20 607 27 913 120 141 517 677 513 122 62 984 347 737 974 645 66 0 862 901 694 546 407 473 912 472 490 298 197 737 841 958 299 119 357 3 394 933 34 705 749 
430 792 283 689 622 708 615 853 375 382 702 602 205 20 518 188 3 431 790 562 58 756 313 467 742 189 934 346 468 993 567 323 809 882 706 526 269 717 309 740 240 288 101 943 587 839 584 31 562 959 664 970 440 678 747 532 948 226 322 783 978 570 303 772 541 146 763 979 740 235 758 519 875 466 0 270 316 879 423 448 853 690 802 206 27 297 86 605 55 236 519 74 784 85 73 272 754 234 239 191 
797 173 884 160 873 102 736 999 480 70 605 88 356 304 354 5 660 748 808 974 929 587 380 842 973 74 924 710 350 856 350 564 360 194 189 501 601 978 380 265 864 91 352 238 400 81 674 968 642 918 514 800 209 711 498 504 722 825 490 542 11 326 119 823 811 108 602 790 507 712 814 461 875 535 242 363 88 133 920 646 901 145 156 419 383 409 969 732 974 306 289 169 264 555 308 650 696 10 635 684 
352 983 348 538 154 976 505 30 69 868 916 152 829 676 38 806 716 543 857 989 297 701 194 399 182 518 107 53 718 908 383 478 902 606 568 705 732 743 422 752 837 598 528 854 747 47 888 810 551 578 498 460 955 642 733 143 380 793 517 295 278 26 136 110 544 695 792 962 337 540 928 376 899 164 123 143 134 474 713 222 241 274 195 192 909 514 249 258 786 787 506 897 238 804 228 921 435 193 308 796 
161 128 81 232 604 772 268 204 167 853 714 707 752 296 757 418 742 611 744 471 641 740 778 171 321 130 420 897 513 180 446 255 253 641 823 981 314 464 36 244 949 64 675 569 294 602 728 465 806 214 800 919 728 724 540 220 244 645 520 198 561 496 733 412 892 968 147 465 236 110 771 960 512 972 268 519 691 218 156 382 542 820 890 377 607 411 969 868 889 667 296 856 908 653 200 59 286 982 237 164 
354 416 785 839 48 119 749 677 541 302 825 9 389 139 606 30 222 537 513 501 527 965 795 541 424 923 384 83 804 465 93 197 196 916 125 162 982 266 261 805 990 312 486 209 179 565 659 470 990 206 356 292 894 291 723 104 64 946 557 93 509 187 602 93 907 516 344 464 361 158 69 68 493 303 932 638 673 473 347 160 942 355 418 140 423 614 902 263 17 963 726 489 625 131 774 556 871 647 499 307 
697 217 325 509 819 931 924 210 94 686 620 973 118 446 123 266 937 580 277 683 629 276 405 462 841 729 735 625 550 877 843 40 663 85 229 342 47 916 419 322 58 782 783 188 871 616 326 385 956 823 144 595 715 22 840 692 467 628 966 284 954 606 675 505 858 384 405 655 801 577 724 473 646 248 492 726 400 530 228 231 929 958 918 479 939 706 248 652 818 462 67 926 170 530 258 334 346 420 364 481 
250 300 270 645 560 788 59 914 913 450 461 100 231 744 137 617 742 126 885 838 827 542 525 47 831 481 359 182 816 248 900 956 640 605 296 310 507 90 379 721 699 474 625 9 934 231 455 767 411 452 207 769 128 628 182 86 576 587 715 498 955 836 763 623 230 770 547 269 580 58 238 523 821 296 128 534 39 610 881 25 242 915 942 990 280 232 460 588 197 344 566 218 307 135 522 202 657 748 967 578 
37 508 2 567 191 446 809 506 168 593 79 432 612 346 785 300 308 315 976 40 190 312 424 69 648 83 865 519 267 251 4 316 365 776 696 277 730 283 781 318 716 804 296 667 440 411 705 292 858 283 394 35 668 883 769 803 147 527 367 571 555 127 610 819 676 111 927 951 205 231 428 81 928 83 902 284 958 605 638 350 276 529 33 109 286 818 48 197 203 67 957 1 25 289 240 217 315 279 961 594 
392 850 798 700 518 790 383 8 942 256 256 577 138 357 567 901 476 171 983 51 841 751 684 855 958 247 783 659 249 193 644 17 684 995 747 871 893 661 348 441 249 292 503 405 106 592 786 995 519 600 796 420 780 844 714 589 249 579 703 556 447 518 946 506 711 124 98 545 853 952 525 359 278 705 522 756 614 736 603 81 470 127 912 921 204 288 567 764 570 691 896 106 731 364 489 221 187 525 413 466 
127 367 762 178 206 855 498 339 950 511 282 252 465 74 26 657 921 780 421 884 370 129 530 533 391 61 945 195 672 316 522 635 442 59 490 720 288 934 815 125 400 83 743 551 881 591 340 757 972 696 267 324 712 963 972 318 410 383 412 172 197 218 458 308 847 626 567 916 92 662 897 103 110 374 722 583 245 968 252 909 20 165 752 637 900 635 400 965 701 92 337 695 410 783 292 300 156 190 663 636 
730 663 600 828 224 215 610 207 325 252 203 288 729 225 877 478 855 416 188 537 799 395 519 325 503 627 530 684 347 781 107 393 859 394 820 338 276 654 920 77 434 163 833 95 620 902 762 448 736 410 449 587 472 716 415 421 445 967 482 324 788 881 811 338 214 837 188 697 964 258 980 561 498 181 286 89 212 434 878 786 319 553 566 922 417 927 529 56 819 385 894 803 309 720 574 31 307 882 537 762 
215 741 542 900 456 154 746 750 881 279 587 837 156 613 893 447 257 116 556 405 681 995 548 801 672 980 318 674 731 711 739 645 350 798 941 742 785 298 292 888 236 804 135 657 344 726 284 250 776 587 778 821 704 43 428 719 564 788 313 337 621 342 170 481 616 573 403 374 815 589 349 29 812 665 819 405 58 556 332 746 686 860 593 63 335 75 560 517 834 488 952 572 425 157 869 199 725 962 502 261 
881 675 773 29 305 430 359 650 19 671 365 375 164 903 986 997 102 2 934 874 25 639 747 732 600 606 454 750 549 542 935 203 935 964 156 465 107 882 595 135 721 167 983 834 777 900 365 428 310 567 512 567 377 19 329 880 753 968 507 807 353 335 286 246 170 0 130 473 3 23 183 709 278 741 986 75 790 251 490 38 110 812 292 323 291 851 220 722 196 355 813 906 400 350 723 473 625 392 526 212 
8 300 202 163 42 223 445 145 161 572 705 915 126 680 475 199 325 576 754 831 857 15 196 766 578 811 301 442 885 346 682 330 299 146 85 626 979 206 401 509 244 160 9 554 134 875 764 507 273 848 924 961 441 724 215 436 240 623 429 354 540 904 436 37 211 207 848 706 299 419 934 262 623 61 987 324 919 5 137 814 551 540 74 736 963 90 400 219 129 672 404 512 336 168 365 794 544 44 163 346 
826 652 556 685 736 5 879 769 40 974 768 480 806 204 436 956 520 857 549 443 221 64 104 165 488 612 12 860 722 737 286 898 390 299 819 386 793 934 509 304 674 286 106 890 310 376 593 59 215 833 431 230 885 117 833 200 293 770 963 977 938 47 896 892 905 583 474 228 90 778 821 521 4 277 567 452 799 577 715 128 0 890 86 186 184 65 713 378 358 12 0 217 471 948 722 493 827 791 315 100 
689 912 646 654 294 116 71 61 706 237 160 649 603 500 754 711 574 659 750 866 835 73 412 605 833 865 148 976 690 581 332 913 512 159 170 572 352 801 41 942 854 542 337 751 297 736 946 998 512 562 305 777 189 753 991 493 465 975 910 323 40 440 22 604 710 561 463 790 531 933 639 574 763 354 310 201 969 500 144 726 309 960 858 559 195 916 265 488 966 597 632 390 500 920 384 132 828 373 413 225 
262 713 223 694 882 523 494 943 747 761 866 369 509 948 545 835 173 562 498 991 632 338 57 906 775 941 156 482 873 67 334 976 521 635 730 62 354 112 427 563 72 88 833 188 817 606 318 869 987 987 689 121 688 952 747 311 576 951 576 893 245 563 121 9 829 565 528 461 715 96 763 747 999 648 500 169 863 694 16 103 582 87 111 95 748 710 684 612 695 302 86 166 808 765 789 164 785 661 720 4 
965 973 279 663 288 904 365 624 209 724 600 846 677 358 4 848 431 28 437 529 236 410 164 589 587 489 11 226 997 989 684 986 265 918 103 816 852 226 354 121 111 888 382 285 73 592 344 109 974 842 462 656 80 756 258 9 533 839 507 619 690 372 298 32 238 323 482 885 610 509 437 251 984 363 330 82 880 949 379 630 315 768 334 758 186 650 322 995 63 64 421 638 326 538 875 789 133 564 322 424 
26 480 548 94 940 539 996 469 220 422 556 418 85 406 214 942 58 541 42 442 216 394 248 988 988 743 535 162 661 929 573 158 644 237 127 59 251 721 283 855 293 601 364 42 309 36 151 22 513 174 612 503 496 510 838 316 529 611 366 78 230 458 380 457 553 707 352 810 886 966 985 56 146 608 492 325 241 154 311 918 678 891 422 817 103 845 925 607 351 598 423 490 640 640 935 329 152 650 133 266 
972 544 780 295 67 233 129 348 764 8 750 263 457 102 904 353 862 741 830 253 165 992 35 142 620 177 854 189 618 890 120 140 869 177 701 901 424 262 742 214 219 526 342 489 835 813 460 566 828 296 297 589 996 681 267 801 129 454 336 94 974 620 999 399 794 31 132 145 897 917 994 588 880 317 614 275 571 634 761 706 217 516 886 55 178 617 917 956 520 375 703 276 788 862 123 804 194 260 808 940 
711 416 820 622 946 275 445 638 41 4 910 274 173 163 44 268 825 584 521 190 303 757 393 70 636 937 419 370 677 463 658 69 402 342 125 259 777 674 604 1 94 427 820 568 769 444 572 948 897 734 657 808 456 630 735 988 711 301 249 674 548 455 891 493 48 647 85 467 198 536 443 197 193 6 371 140 773 551 926 526 361 284 795 905 883 12 641 184 748 475 243 12 501 502 369 44 43 347 844 471 
656 639 201 233 346 679 411 333 111 819 378 771 265 280 752 370 646 134 678 215 491 809 2 471 699 619 844 497 90 754 282 519 367 133 472 454 105 749 59 748 641 874 856 394 969 372 544 347 507 371 464 284 533 257 630 699 227 966 654 733 438 84 782 650 636 692 502 916 799 48 405 9 682 19 871 748 610 270 387 235 153 157 573 996 9 601 735 66 335 223 21 39 877 849 1 929 997 667 356 10 
371 776 807 299 947 238 361 825 170 56 73 995 433 67 630 834 367 691 661 497 734 750 755 112 50 161 27 676 149 162 754 841 542 734 362 754 74 36 308 256 876 873 825 842 890 429 147 452 368 742 487 179 761 123 86 287 602 196 756 234 249 961 0 848 574 16 365 607 170 595 585 82 333 464 372 481 764 483 755 914 11 33 30 86 750 135 295 77 495 730 516 739 83 296 54 184 278 855 922 578 
728 780 720 750 391 639 947 711 455 221 208 389 448 446 378 682 895 560 85 329 768 140 906 352 898 383 459 104 307 780 567 642 710 743 824 581 977 37 747 53 524 83 608 989 839 924 819 760 388 319 514 372 5 632 263 721 871 886 880 505 95 917 646 104 235 13 131 70 332 434 15 818 994 493 716 929 353 779 913 64 44 621 220 870 567 480 195 285 104 221 637 995 385 227 397 988 119 636 223 354 
239 902 190 343 586 19 108 138 309 387 187 433 143 584 36 662 661 554 742 45 632 180 98 749 465 271 173 109 803 342 341 208 794 345 447 220 875 517 248 111 500 724 210 428 125 314 306 461 39 560 216 720 412 612 823 887 936 672 453 75 494 609 77 817 637 267 3 832 437 524 719 825 565 830 982 400 359 593 102 922 230 800 201 823 566 275 955 939 477 653 295 983 256 63 838 773 953 4 506 588 
240 22 995 592 688 346 775 494 675 959 775 806 73 644 248 658 213 610 223 302 8 272 953 489 618 846 994 771 773 725 412 919 717 981 130 131 597 742 133 341 532 627 103 49 24 827 110 784 793 346 11 787 65 184 188 504 803 784 727 220 906 428 608 746 923 47 301 106 101 91 263 366 615 564 676 458 243 381 115 786 283 121 591 839 729 341 264 197 659 684 806 631 934 250 488 316 914 854 572 287 
15 298 951 785 774 884 511 785 275 938 255 503 282 25 51 317 855 831 645 295 498 34 191 925 827 320 482 134 371 16 358 79 539 329 411 69 784 218 208 887 208 730 329 103 550 129 366 483 380 806 66 247 97 74 890 661 257 436 455 192 669 295 429 605 578 754 900 178 582 878 486 796 368 821 571 476 847 488 402 473 783 482 537 364 87 956 334 344 46 928 543 41 880 738 975 550 187 971 106 170 
799 160 419 647 237 107 251 532 558 72 605 601 624 211 264 375 333 816 773 46 492 259 385 257 236 537 237 549 662 750 524 818 531 40 733 57 766 316 610 511 995 600 544 816 703 873 192 104 858 542 877 86 507 188 823 442 898 403 879 872 612 385 852 925 498 478 509 441 755 8 624 606 164 472 443 945 205 484 537 398 150 398 367 584 9 77 735 681 721 962 380 967 724 542 288 849 885 650 411 464 
549 344 773 337 539 72 109 753 321 356 250 58 553 168 154 374 536 117 970 857 490 821 878 619 230 252 769 438 803 181 758 590 803 546 808 479 215 232 704 883 556 170 253 747 412 853 200 157 95 100 112 408 148 804 859 556 907 307 503 333 757 141 992 762 485 975 146 64 217 232 42 613 724 668 504 850 230 131 887 48 311 882 480 262 103 416 932 145 841 171 129 430 481 355 135 28 572 752 779 686 
567 104 292 399 187 196 396 774 671 667 417 565 119 919 436 604 387 679 825 395 203 300 97 184 873 560 868 845 887 899 899 654 379 560 974 570 617 928 361 720 96 806 412 868 695 267 538 946 33 762 618 489 166 590 53 540 989 474 687 77 566 970 434 611 765 529 263 862 996 874 798 912 792 875 312 990 831 278 315 519 928 585 510 716 220 161 150 465 579 803 512 227 754 420 583 683 996 385 385 418 
86 873 613 597 743 185 215 907 96 672 871 348 960 285 359 308 468 573 44 720 861 162 847 440 210 232 748 558 736 258 522 23 494 364 444 511 558 962 32 698 137 1 206 248 410 908 603 600 486 915 359 88 138 918 83 36 702 760 599 645 649 418 139 332 373 853 668 720 612 413 866 387 610 650 896 292 485 24 35 872 699 873 990 842 251 889 429 438 311 651 313 680 256 195 124 714 882 211 933 773 
369 729 102 872 20 65 948 807 89 879 335 510 74 200 34 350 663 338 285 14 428 457 34 118 308 523 948 640 29 374 319 249 526 16 84 687 414 599 643 682 287 939 534 71 891 17 628 395 998 513 867 5 757 490 409 744 717 860 741 223 366 110 481 746 705 129 435 776 153 597 229 829 70 115 90 758 743 42 873 162 113 342 279 59 314 966 56 61 323 877 677 751 526 787 973 424 693 372 205 492 
603 537 994 879 894 70 737 176 765 757 612 250 254 505 976 463 124 629 861 670 663 925 893 383 148 605 689 164 735 497 792 594 750 269 658 792 376 382 636 576 637 313 188 820 368 594 535 682 58 591 217 586 433 342 573 224 721 596 422 406 473 472 717 947 353 168 212 785 291 610 67 844 352 157 448 591 324 721 420 515 301 796 948 226 255 911 789 713 740 624 772 845 474 18 852 359 485 210 921 98 
111 530 125 44 213 571 441 772 156 910 679 243 43 789 685 422 451 632 733 235 549 154 74 201 538 229 189 509 993 738 713 227 772 366 100 345 836 666 487 826 359 402 784 482 326 408 262 565 268 953 948 45 36 712 98 988 322 258 608 486 341 394 860 226 299 558 558 859 614 922 178 546 589 419 486 23 734 862 13 376 883 74 867 344 866 428 954 203 713 401 108 17 466 417 762 642 19 530 28 337 
17 115 770 676 431 402 731 299 625 424 779 990 862 107 42 668 550 28 651 409 528 939 506 7 454 647 930 41 813 850 86 636 832 157 94 55 164 704 45 381 977 500 136 176 775 149 609 728 144 74 237 420 973 366 42 464 868 756 6 320 95 375 196 323 848 488 416 244 460 427 845 285 6 28 396 653 582 742 360 644 713 652 496 844 490 628 540 339 345 712 972 326 139 639 709 303 475 916 502 362 
224 893 130 597 6 775 606 934 402 183 438 945 936 292 947 10 910 884 480 456 607 388 477 467 449 627 795 960 360 81 161 18 983 869 790 379 355 412 88 323 819 913 340 263 269 745 615 342 226 509 389 280 149 182 440 945 688 308 812 477 535 455 864 379 265 570 831 799 437 141 360 611 577 890 450 406 480 202 260 215 429 97 989 683 779 863 287 910 912 328 169 518 505 111 893 102 687 430 382 434 
714 761 447 150 349 756 272 356 882 617 378 102 135 919 582 480 618 31 176 378 409 321 162 853 389 183 494 403 400 864 691 732 732 904 413 549 270 365 894 204 99 309 969 194 657 767 57 288 329 583 237 318 627 902 742 655 316 177 884 985 876 736 822 852 274 34 753 672 100 559 59 444 833 430 1 476 234 809 493 971 120 85 868 257 711 598 911 511 28 123 319 113 355 358 31 290 741 983 237 710 
831 89 865 980 30 964 713 956 34 269 20 728 816 99 205 980 965 155 91 874 743 959 255 770 702 258 157 488 307 879 599 808 848 458 758 358 249 727 82 665 153 747 420 935 712 88 122 831 851 836 59 147 60 915 419 37 244 180 393 987 695 218 616 438 230 620 843 295 826 904 52 891 384 131 830 609 952 811 225 641 67 49 943 600 588 57 277 945 470 84 819 510 470 560 728 327 754 742 40 385 
178 205 839 715 678 685 274 174 225 630 628 499 932 186 990 145 14 816 491 855 562 146 867 183 210 298 718 459 819 440 924 92 728 479 626 9 916 961 360 157 298 736 945 52 767 855 338 335 34 920 534 382 99 223 625 6 570 190 268 379 593 314 193 592 517 406 871 364 672 191 816 799 947 689 993 973 979 880 473 666 961 233 846 631 654 153 228 388 750 293 96 119 332 644 125 932 823 963 228 701 
452 56 793 211 796 809 859 190 744 533 4 505 882 146 835 34 661 761 238 913 263 264 427 502 525 695 889 264 776 492 394 659 920 218 724 914 14 856 905 654 862 302 659 325 429 421 180 278 15 16 333 500 932 125 453 609 819 177 773 221 48 939 33 975 202 791 233 531 544 814 153 109 830 891 518 845 314 418 530 540 308 172 10 550 357 198 102 848 327 787 416 3 853 543 777 337 820 333 760 631 
179 339 436 789 71 685 548 586 26 791 805 323 525 399 421 30 219 634 805 809 783 133 348 521 257 911 65 992 758 158 401 422 718 151 322 483 705 586 303 12 132 333 125 620 345 80 837 853 741 952 500 951 157 112 447 792 563 949 2 445 390 257 67 751 809 266 579 242 245 412 757 994 744 364 650 446 376 582 883 338 227 738 857 680 577 994 482 7 156 464 733 759 790 69 863 875 644 837 14 135 
666 193 471 44 287 573 507 378 690 955 304 910 989 175 517 965 329 573 37 999 499 792 135 719 493 20 709 457 192 846 405 261 872 715 589 316 960 14 330 712 216 998 962 705 420 511 391 797 399 87 887 239 600 869 827 900 428 517 877 266 268 574 262 738 696 904 446 831 812 504 949 303 881 655 73 426 223 362 129 425 699 226 858 376 244 230 160 439 682 112 63 13 464 670 370 478 593 210 660 96 
897 764 237 32 774 926 279 490 415 408 113 120 603 125 428 162 525 478 757 959 575 645 11 51 917 613 713 882 555 760 805 412 889 576 802 266 374 419 730 184 19 393 465 483 345 672 430 524 390 810 443 109 587 100 656 604 842 714 546 142 663 666 738 798 700 22 219 934 393 30 308 205 675 965 39 529 156 203 584 799 788 27 314 561 359 213 983 71 767 119 863 473 460 951 507 908 88 85 569 987 
703 335 707 656 31 300 732 907 893 733 194 962 753 225 202 10 458 168 400 261 765 571 390 884 186 929 975 270 591 813 205 866 337 358 976 514 816 407 871 985 643 32 452 862 860 868 675 713 685 366 131 85 915 877 128 102 241 55 128 357 824 781 909 570 22 643 282 394 301 660 826 386 654 547 437 522 229 253 36 877 463 653 823 632 449 215 509 184 186 769 604 977 948 7 273 357 183 343 219 625 
302 268 163 294 566 943 46 375 293 506 94 807 680 94 942 397 303 824 773 674 44 960 628 649 434 730 323 272 402 432 425 871 484 272 723 919 252 866 63 725 563 589 161 526 616 738 70 285 798 8 359 675 768 34 776 998 530 630 354 85 193 264 197 203 750 774 82 723 743 413 928 283 327 292 749 619 16 311 216 535 493 207 444 779 236 776 48 55 564 147 165 428 764 709 183 870 388 480 784 426 
0 128 897 169 186 9 178 925 783 759 204 100 565 157 245 371 954 722 27 29 177 322 525 348 713 785 919 759 391 461 412 77 909 772 113 144 51 730 431 542 285 8 209 804 196 195 175 859 962 393 883 0 784 329 706 526 642 794 756 863 902 316 519 443 288 87 841 608 610 977 302 123 514 668 833 646 653 255 157 138 618 219 206 919 882 873 715 826 7 954 472 653 73 783 626 85 649 498 697 369 
400 405 549 814 927 330 490 963 973 338 846 433 284 386 173 218 277 26 834 439 726 464 425 170 601 893 523 355 662 646 185 641 499 502 669 87 676 34 253 570 46 277 169 224 248 524 848 899 555 925 773 45 649 436 864 398 261 46 738 860 697 922 929 283 998 588 125 365 303 35 546 852 767 270 487 478 188 947 646 135 844 536 285 885 551 38 389 960 373 474 537 465 282 861 368 21 598 279 959 401 
50 39 377 904 880 583 968 491 482 486 105 513 886 965 858 687 137 278 719 889 569 705 686 593 871 753 136 295 781 863 105 435 84 501 945 695 906 310 980 48 434 116 111 254 435 842 716 970 38 988 464 88 26 171 691 157 154 333 911 882 338 620 540 498 270 789 732 833 676 381 163 957 810 103 209 993 787 169 819 47 582 144 46 870 231 832 22 396 674 321 566 734 606 734 744 414 630 256 408 333 
334 90 124 817 4 854 527 0 316 9 862 949 257 706 82 722 217 248 191 735 208 885 253 442 231 917 397 728 119 468 462 619 568 31 208 485 871 761 312 187 480 793 814 37 480 82 468 237 94 580 680 462 923 873 315 7 175 554 451 312 614 674 37 756 379 163 31 608 428 432 702 875 974 251 611 927 362 896 292 183 752 586 704 352 219 885 682 69 174 19 361 293 461 642 863 216 311 742 177 91 
153 691 183 24 575 478 693 722 943 757 225 735 391 555 214 670 352 737 632 675 810 57 784 56 395 285 786 575 986 160 502 861 921 810 364 769 906 402 468 622 656 183 292 941 521 680 667 775 347 389 102 513 445 549 416 9 848 265 312 119 806 873 293 872 297 277 205 119 599 247 615 12 932 448 173 490 200 679 23 980 315 857 612 680 751 133 153 119 413 696 527 243 714 401 648 633 547 797 322 721 
830 141 551 140 827 270 900 782 564 410 977 156 369 533 569 144 942 587 163 74 145 904 871 513 271 632 629 610 558 752 146 168 392 508 429 205 94 819 89 784 291 24 195 200 11 330 503 816 316 750 581 891 492 435 674 369 43 286 37 595 218 47 535 388 548 604 134 736 644 13 780 177 71 40 611 800 211 838 756 945 945 293 817 74 367 279 151 429 376 379 408 403 40 499 391 252 947 518 61 981 
621 454 828 977 976 44 898 595 561 635 633 490 979 258 477 918 841 878 869 946 998 832 781 339 767 906 811 272 243 936 337 515 562 421 746 679 316 683 696 89 883 975 718 284 348 748 978 976 682 191 981 51 875 91 933 266 767 750 707 602 406 915 593 634 162 482 398 347 253 509 917 739 163 100 250 798 59 931 399 823 50 554 295 45 57 206 145 537 873 30 110 31 948 272 430 195 349 581 0 990 
722 370 209 561 313 696 359 913 433 343 630 828 338 591 971 875 904 591 431 296 844 889 710 530 227 957 952 310 443 950 656 256 740 410 955 827 171 437 219 149 797 352 989 382 561 838 56 659 550 960 543 246 368 993 777 936 381 524 767 650 693 733 589 432 329 445 276 367 275 442 967 433 95 390 605 366 736 815 183 621 445 623 739 44 294 917 936 500 322 820 218 840 810 290 608 215 132 51 796 504 
552 511 19 334 511 257 806 452 966 258 104 394 885 726 10 905 932 221 235 876 808 60 387 599 899 965 945 940 562 172 875 812 163 196 215 595 846 818 656 871 123 815 995 786 172 780 315 838 989 681 537 360 145 758 320 136 527 782 880 120 813 353 609 427 659 497 747 297 675 767 723 344 703 654 312 708 924 824 655 338 862 521 828 889 948 561 874 915 886 517 885 603 924 432 365 278 520 630 158 999 
118 169 846 846 667 392 935 785 68 268 998 694 649 181 978 575 842 413 105 727 168 859 479 948 479 386 481 245 690 259 649 598 608 385 66 914 366 91 863 976 845 119 279 217 373 317 748 633 834 626 36 84 190 478 840 355 375 488 259 303 274 264 468 166 656 373 928 339 616 265 449 418 270 217 476 244 450 801 946 456 404 808 733 291 999 32 494 130 515 376 44 149 535 741 55 414 550 463 477 938 
394 176 629 655 207 930 763 367 761 185 572 843 648 703 458 444 499 855 858 750 419 220 915 39 434 3 434 694 123 741 500 319 371 2 763 102 296 67 589 969 113 774 673 235 671 583 516 895 363 501 467 874 384 91 386 484 857 808 980 535 54 969 748 577 147 437 795 351 490 658 138 459 475 318 491 944 192 624 179 250 118 504 907 259 249 356 311 20 158 133 958 337 799 434 12 600 715 555 556 635 
284 176 562 268 277 483 312 225 172 763 687 680 756 314 720 844 934 753 675 208 545 171 752 139 359 792 285 302 298 483 232 58 487 85 284 85 577 987 849 206 417 838 319 607 197 130 35 435 903 545 806 400 224 792 866 694 813 762 831 384 512 492 357 899 217 522 466 621 431 928 630 424 513 986 789 479 290 600 796 784 397 900 464 435 565 390 388 554 553 666 882 41 438 608 124 847 908 381 2 149 
517 152 838 287 124 944 615 1 43 588 907 981 271 50 913 946 560 268 293 518 211 887 173 255 546 766 76 462 768 696 757 661 213 957 11 378 688 510 518 669 694 173 552 823 390 755 920 124 735 713 215 954 572 945 945 34 7 422 343 710 315 561 403 476 822 622 35 690 727 622 721 770 341 886 338 216 929 215 222 346 940 463 64 407 891 121 407 411 450 944 475 970 919 674 275 635 113 339 455 319 
