100
792 924 592 427 537 591 591 640 891 314 919 351 321 40 941 703 949 465 763 334 199 662 289 786 927 546 690 722 846 409 41 110 626 157 123 764 33 759 591 325 497 35 347 535 212 63 336 796 489 909 289 195 377 390 927 901 904 394 713 571 773 462 170 903 659 117 660 448 88 826 4 505 262 956 829 732 984 915 594 387 576 826 982 239 479 646 198 181 748 182 514 286 504 204 759 733 865 995 512 126 
110 224 887 206 306 910 526 46 517 149 715 899 896 883 812 451 583 829 774 872 139 63 61 153 137 699 39 98 877 391 841 584 243 946 991 666 639 368 445 181 195 340 628 206 489 613 826 645 434 756 952 976 879 597 402 989 574 804 634 245 911 546 582 669 134 776 460 343 84 979 907 137 602 857 723 395 517 499 384 934 48 107 259 404 118 983 826 283 384 399 169 638 70 108 752 61 937 449 670 372 
888 495 7 282 593 555 19 770 259 587 623 567 945 281 383 284 898 62 772 49 174 851 354 653 580 132 142 272 2 566 854 640 116 843 385 816 297 619 993 851 114 405 526 87 845 239 405 959 841 850 384 137 290 89 672 186 247 547 624 415 954 679 244 717 256 360 65 539 506 721 55 374 603 586 317 405 275 428 404 759 995 234 422 762 578 296 224 813 304 688 846 432 921 131 230 618 844 253 8 547 
820 556 540 756 598 402 604 267 196 89 316 923 458 742 959 972 88 449 44 558 31 68 537 100 999 826 830 879 71 907 93 304 807 845 712 395 627 68 236 480 840 485 77 211 749 615 75 878 906 12 627 430 131 303 736 795 787 389 595 180 19 345 673 107 538 331 532 140 265 905 141 452 175 905 248 295 971 661 928 426 320 8 397 651 894 184 491 190 854 4 397 721 350 696 178 314 822 551 583 824 
282 408 557 191 673 892 852 63 117 863 992 695 660 485 403 894 494 911 467 91 808 110 109 846 849 567 890 423 435 296 449 725 260 946 270 233 6 551 842 924 531 150 282 525 453 212 692 280 228 558 335 604 225 940 762 188 420 904 561 456 425 383 107 572 672 63 375 786 885 242 560 660 677 17 127 428 730 53 704 911 744 834 847 967 881 214 85 289 854 824 557 39 576 884 460 78 110 942 513 586 
991 812 816 576 370 441 397 677 28 359 576 341 42 398 300 182 128 442 428 910 529 321 792 930 407 198 108 402 750 639 866 969 508 438 346 657 851 966 278 910 619 971 603 337 10 7 533 152 981 699 146 260 475 331 953 651 711 445 580 151 959 923 236 871 356 783 581 101 177 615 266 368 510 593 9 882 423 368 466 845 265 775 980 65 541 893 345 625 713 538 563 919 386 130 127 757 958 304 577 94 
754 980 632 355 447 112 483 178 642 519 564 61 468 487 604 431 231 224 743 804 675 181 441 513 335 307 193 529 940 712 622 266 414 366 496 776 444 976 104 336 915 212 833 431 422 746 616 748 169 180 307 276 829 798 527 421 766 375 332 317 732 512 396 699 575 949 754 829 486 426 416 988 74 304 364 421 854 881 83 322 562 488 438 425 449 139 60 115 919 893 288 919 199 232 812 687 3 312 847 388 
293 190 123 982 606 827 250 862 534 83 226 440 275 588 150 235 469 215 976 283 225 830 811 665 245 655 638 744 124 912 62 315 857 787 90 310 585 684 205 115 964 265 663 838 757 489 701 290 634 56 603 293 470 330 271 17 205 357 408 365 944 381 927 612 370 762 644 716 737 956 948 210 153 130 473 467 342 679 195 6 888 950 966 497 20 872 276 737 993 404 748 190 359 758 355 878 63 682 274 696 
143 595 279 404 77 407 201 497 486 981 47 95 447 979 552 231 132 417 512 184 183 185 281 147 387 187 496 240 369 372 162 122 467 727 543 161 447 848 14 543 231 396 681 174 495 12 474 975 950 724 517 549 392 815 24 76 627 757 585 964 224 216 655 155 29 355 859 170 785 996 8 437 39 564 601 153 487 644 306 498 201 802 298 626 204 732 456 801 566 428 395 377 836 317 790 97 268 421 964 21 
505 115 511 995 423 531 160 9 848 792 322 710 503 994 248 502 474 96 681 594 581 567 784 407 381 875 537 773 210 438 368 139 64 31 244 482 87 220 181 855 738 867 418 44 822 285 998 937 492 860 267 943 400 183 383 814 2 276 23 688 765 397 361 13 958 358 854 72 783 261 872 865 589 299 952 613 15 370 796 915 352 536 247 785 103 691 905 190 884 997 840 792 734 626 847 730 579 432 686 230 
919 855 914 281 801 80 982 207 290 50 130 92 351 587 508 806 889 916 836 191 411 777 973 791 964 167 200 441 126 686 242 333 22 145 138 710 509 691 724 908 206 997 105 421 825 574 938 607 847 554 747 610 239 605 101 68 265 394 950 900 769 735 492 739 974 916 80 592 891 636 552 939 981 594 64 684 774 776 282 773 186 708 979 533 760 268 600 990 491 627 328 226 178 60 28 257 773 359 429 430 
785 210 308 507 181 330 736 802 774 34 51 102 928 658 726 649 102 36 6 839 387 59 719 67 530 93 672 912 771 307 343 98 608 966 991 38 959 100 319 456 832 675 613 844 521 789 955 479 360 509 784 414 817 522 978 206 201 593 178 943 746 463 833 763 439 247 298 171 123 977 631 228 461 588 33 461 767 661 178 373 439 776 93 195 765 791 577 957 838 41 922 269 753 476 448 961 168 422 84 226 
833 368 32 0 213 917 838 867 816 473 220 284 675 949 22 878 335 746 764 303 827 476 278 332 807 634 54 292 881 346 901 275 136 162 656 482 72 61 948 725 942 834 752 997 908 931 50 607 750 677 564 221 54 963 16 715 205 96 58 724 939 437 461 70 666 815 953 756 526 980 980 379 71 992 686 127 249 883 889 278 51 277 384 357 144 589 63 522 435 431 180 289 902 364 941 579 709 726 451 732 
334 892 245 853 179 834 783 353 12 988 411 699 470 653 105 352 689 163 348 769 33 614 453 852 370 593 908 754 602 935 220 620 225 266 679 458 668 656 577 493 547 223 417 430 823 779 454 286 552 357 886 223 726 262 452 107 679 844 627 996 640 660 878 995 663 137 218 885 521 163 687 890 639 820 866 712 278 807 471 232 567 794 693 335 60 166 530 351 596 860 56 383 937 450 584 265 384 255 423 107 
377 931 502 24 112 266 183 999 890 994 972 164 604 659 945 534 697 455 421 481 466 410 550 748 187 804 115 438 324 468 317 13 693 479 264 207 757 377 950 964 605 308 86 355 736 623 979 933 422 736 567 919 65 285 922 372 280 856 950 586 458 345 85 475 581 432 220 279 408 691 681 264 413 820 20 678 3 687 594 164 907 186 560 763 441 70 150 749 686 150 721 613 732 478 605 45 505 53 699 984 
791 533 584 465 731 11 758 604 253 570 983 235 943 693 462 867 378 837 137 57 461 335 68 23 56 250 919 27 48 319 340 362 979 26 25 889 95 0 829 668 533 553 800 443 140 248 955 457 395 985 251 990 319 771 176 152 383 837 763 406 915 310 327 821 476 543 70 303 624 316 607 240 397 404 863 762 760 788 495 588 518 99 484 158 91 921 308 168 864 137 799 148 931 977 620 66 290 719 942 690 
327 662 15 55 131 450 916 618 956 584 80 916 737 394 61 384 960 425 40 840 925 604 621 671 502 984 28 167 700 744 330 484 565 847 978 377 760 43 397 649 696 621 792 160 317 270 366 476 231 29 957 766 724 718 749 837 460 332 902 261 420 298 313 564 352 319 274 141 580 256 908 481 372 987 254 874 258 457 173 922 560 187 490 612 390 216 861 496 223 733 906 853 200 623 667 330 520 237 990 45 
854 257 745 184 423 945 403 745 527 937 260 194 258 459 615 408 91 625 103 711 557 234 713 741 529 444 97 326 559 866 991 385 816 166 362 48 714 399 717 221 597 182 794 747 223 46 621 252 427 499 547 226 120 828 610 95 862 51 1 80 539 109 220 591 272 197 681 272 462 126 223 887 213 529 104 184 237 91 571 70 38 875 655 0 454 147 893 145 697 452 942 104 422 47 397 856 159 289 13 112 
233 846 22 157 317 730 980 854 669 611 377 392 299 123 357 747 687 694 707 725 960 983 637 358 286 631 554 276 757 168 135 200 251 150 532 280 125 632 377 94 775 262 960 577 556 331 508 90 69 149 203 730 621 234 40 482 332 990 572 243 9 586 214 920 790 39 408 568 823 572 940 920 467 339 319 585 655 914 125 405 967 833 381 424 614 56 494 868 111 123 570 982 437 552 114 336 312 384 458 470 
865 445 247 28 705 83 998 671 181 241 918 980 636 706 249 903 379 855 39 357 529 207 748 851 455 634 163 32 866 770 963 192 909 636 33 403 336 605 390 229 757 544 530 623 685 135 432 559 326 760 108 235 912 290 387 971 288 887 546 504 852 581 50 616 881 320 962 939 633 890 125 946 673 238 758 287 74 129 793 920 133 458 900 8 637 595 542 367 128 928 214 696 558 448 623 148 213 930 931 982 
148 866 686 878 255 835 868 442 651 871 45 810 218 661 935 930 504 451 581 126 671 93 208 304 624 108 435 30 307 689 691 626 857 564 326 378 336 569 283 9 615 418 675 421 731 107 734 635 897 129 417 631 116 45 334 473 345 168 245 636 298 78 226 649 320 960 615 164 180 461 355 821 55 466 19 777 561 786 976 41 87 542 41 172 97 936 258 793 835 181 661 640 825 137 913 810 520 903 968 557 
627 98 133 996 412 886 421 198 867 482 37 518 700 474 989 332 820 943 876 842 92 338 300 313 801 625 359 548 491 649 41 405 180 13 56 568 244 422 306 909 243 236 454 345 710 883 574 759 926 570 474 874 5 704 857 991 570 95 564 57 919 93 339 693 385 73 28 15 231 995 641 892 87 112 690 554 518 372 722 5 558 504 806 899 277 750 108 146 516 426 688 440 613 4 141 235 752 164 882 339 
175 397 938 37 0 965 137 393 572 179 604 150 134 762 16 68 806 125 69 778 758 683 124 553 964 630 807 913 66 894 377 682 226 827 558 758 86 675 883 558 743 953 233 874 268 151 710 588 766 349 373 487 618 258 887 700 254 786 242 205 79 200 433 710 658 662 868 609 953 612 945 961 721 749 403 689 82 200 658 277 526 349 195 9 222 566 994 633 649 464 893 425 510 42 667 998 629 614 548 436 
945 469 266 962 616 728 985 475 734 764 323 6 38 694 720 608 131 279 316 88 902 297 520 716 889 99 853 874 883 106 127 457 141 665 951 369 357 761 395 408 280 652 330 791 606 359 978 148 944 326 957 249 653 861 964 53 174 380 2 578 590 666 372 719 358 174 799 510 760 593 362 32 122 536 998 632 189 193 315 94 231 731 413 517 894 299 840 550 598 148 511 870 197 999 667 566 916 460 306 625 
760 72 621 188 91 271 39 977 333 755 619 972 294 701 877 970 505 236 540 310 897 924 174 654 111 449 636 477 871 316 360 171 415 525 293 82 522 810 165 26 468 174 785 679 943 5 4 209 949 631 840 109 239 788 550 122 557 767 520 230 551 254 314 50 131 616 504 756 488 592 713 891 611 289 93 176 720 971 306 747 347 389 525 19 367 307 55 378 111 810 334 736 715 577 679 688 973 186 928 80 
565 82 714 436 202 45 831 253 674 646 296 78 171 285 154 712 458 841 802 975 5 145 407 436 164 382 895 419 53 715 317 760 601 767 129 438 264 330 831 304 820 870 109 916 477 736 136 156 192 7 366 215 822 445 842 136 666 252 99 29 907 322 965 98 107 160 844 423 407 135 774 784 216 508 113 883 745 334 422 223 753 981 716 83 267 558 591 245 261 332 354 284 423 536 482 464 404 564 445 368 
429 629 348 516 348 448 69 893 270 310 276 82 61 658 746 548 397 203 150 467 957 21 652 706 608 61 19 57 781 540 908 466 179 851 87 390 977 369 432 769 773 769 506 963 772 263 586 24 154 508 792 874 729 976 377 422 823 936 41 213 260 672 439 355 161 18 305 125 367 440 818 783 790 758 233 235 813 276 220 377 602 778 868 603 363 413 146 384 316 913 323 796 905 799 872 661 999 754 857 41 
750 388 308 958 977 198 352 331 313 664 862 453 391 421 42 388 841 803 735 920 687 81 417 38 446 90 503 687 900 786 448 58 861 662 140 768 414 648 839 745 904 955 122 318 823 20 755 567 116 874 846 110 656 8 955 235 649 664 322 952 962 18 557 624 942 37 717 132 461 77 751 111 490 702 839 715 788 800 526 770 180 148 881 250 62 61 882 51 788 738 715 730 167 763 208 859 199 314 900 186 
669 629 151 587 943 713 246 372 60 393 419 999 760 934 863 316 866 857 685 214 333 480 993 204 316 205 505 875 345 13 715 515 175 783 415 703 102 819 502 465 535 302 43 85 786 267 584 268 148 579 629 516 28 385 933 774 632 703 97 457 596 213 881 453 235 732 768 818 848 413 695 385 463 207 85 692 992 505 925 282 340 588 824 653 123 205 470 360 157 258 175 147 367 19 278 17 457 771 672 892 
29 606 610 511 979 197 545 547 547 264 533 982 994 420 929 314 296 949 468 490 353 741 11 394 884 326 715 439 104 373 210 949 229 71 725 896 802 696 663 748 891 417 913 441 549 714 373 857 805 185 487 748 733 201 654 943 801 751 463 400 26 649 235 612 304 968 146 813 541 375 64 222 199 860 263 945 799 54 438 940 336 968 480 398 233 326 231 368 47 469 186 562 957 352 381 571 541 552 209 982 
692 939 379 729 385 48 17 304 886 130 179 49 82 147 862 617 373 979 414 847 54 449 245 39 986 409 127 114 806 495 409 643 335 107 553 93 863 926 231 932 611 35 732 274 506 825 745 635 329 129 652 154 453 611 927 157 321 85 266 895 625 102 402 180 669 400 841 506 786 229 887 303 589 812 473 533 506 667 98 293 92 151 8 363 150 738 448 694 57 124 596 331 799 861 76 962 783 50 43 225 
810 182 203 799 862 835 931 580 784 825 656 488 312 597 554 681 551 566 721 408 108 605 999 510 168 587 176 571 118 160 39 336 327 104 251 254 52 656 106 998 245 242 780 490 219 125 443 379 265 161 281 509 40 785 435 48 467 121 213 809 232 242 254 64 928 268 101 483 136 236 612 971 297 350 756 93 470 101 602 27 940 304 664 420 310 559 871 162 9 791 555 922 805 681 119 394 782 738 219 286 
978 174 307 515 84 679 106 535 0 997 271 328 192 342 567 245 958 232 587 666 307 715 267 376 871 805 450 212 722 137 996 375 330 480 430 710 22 706 973 506 707 158 538 586 604 872 77 608 376 747 479 442 607 808 876 850 348 45 304 936 850 809 521 213 528 263 694 4 726 474 198 909 301 640 732 865 570 57 746 45 843 457 148 968 197 468 302 471 510 778 584 116 542 660 41 947 27 582 658 677 
85 276 316 863 847 370 28 669 144 7 822 308 297 354 345 558 567 888 929 353 515 716 970 602 376 848 268 702 940 898 962 305 723 203 23 938 833 916 147 727 959 930 178 901 720 69 294 355 939 51 766 287 875 50 455 841 430 557 306 55 427 782 486 600 232 365 944 685 563 488 352 437 543 756 917 472 753 642 603 102 579 430 52 49 456 540 110 648 289 764 188 798 72 744 727 338 244 594 166 104 
460 700 219 264 999 738 304 957 387 754 353 377 181 288 956 863 777 891 15 137 505 468 177 171 811 632 956 896 822 588 401 875 606 344 404 968 633 855 761 437 504 29 7 587 714 146 37 937 941 447 331 251 134 390 929 167 699 775 221 944 840 992 593 966 663 85 804 446 251 872 178 974 566 659 38 204 417 851 319 391 173 959 528 302 504 346 493 920 378 837 955 292 600 16 79 489 184 226 698 424 
630 352 371 617 463 546 461 68 964 204 986 866 585 52 393 898 142 871 684 87 910 889 61 42 679 124 658 773 73 480 374 928 354 341 546 95 129 237 140 851 297 565 919 680 641 525 715 783 82 62 174 5 944 948 291 436 156 36 290 128 585 735 665 349 671 447 145 119 156 378 715 289 633 317 157 370 924 51 904 765 858 502 332 993 480 597 710 472 81 799 96 83 634 214 482 910 100 535 232 80 
258 330 371 486 620 869 437 921 139 477 375 948 975 104 989 50 173 901 389 56 4 949 659 615 714 86 49 669 434 493 333 124 498 556 139 843 946 116 421 299 343 525 856 341 976 731 369 162 264 795 16 155 214 279 724 146 210 694 366 281 665 232 906 306 59 928 60 126 498 51 935 153 710 856 924 478 839 576 625 760 650 552 288 801 503 373 729 86 626 183 514 698 57 689 334 201 14 728 252 704 
974 385 34 884 72 704 394 32 810 319 372 28 273 460 211 394 631 374 276 521 818 713 348 8 74 55 930 299 251 641 149 706 732 87 631 571 847 781 162 204 642 199 386 525 37 838 876 166 630 379 660 293 993 11 573 363 988 83 933 71 82 462 191 698 173 453 869 277 801 670 973 96 823 713 371 869 128 486 912 413 267 811 338 689 17 981 668 979 734 781 743 437 170 925 200 10 201 266 52 748 
592 60 42 110 41 612 192 819 152 310 729 31 279 351 229 677 104 168 657 440 825 412 992 533 764 638 474 336 151 335 181 943 994 119 737 709 559 441 944 120 71 388 814 516 906 934 413 976 823 524 876 394 205 32 937 479 536 386 157 438 169 259 415 342 903 581 131 492 307 535 348 962 195 672 735 660 660 57 363 988 629 408 742 625 322 490 297 308 206 825 471 675 597 663 610 33 337 129 911 357 
483 951 587 290 725 523 69 623 253 472 549 864 332 53 214 909 359 354 721 802 686 18 114 7 284 426 14 160 127 849 77 567 24 304 773 728 212 244 703 166 900 186 70 900 626 98 29 695 542 519 247 962 936 670 933 458 350 685 876 11 296 934 638 450 138 3 410 348 330 940 606 575 323 0 251 912 24 592 1 725 525 370 149 700 339 892 17 652 347 903 299 394 685 519 448 934 233 944 3 439 
637 963 288 44 744 505 278 165 230 223 260 113 237 314 91 681 96 205 765 45 866 265 620 29 790 613 142 11 988 46 911 39 278 0 807 59 588 14 102 369 764 86 710 729 342 88 200 15 831 1 657 157 469 283 334 620 691 631 429 273 52 790 726 102 285 916 530 710 550 398 763 453 266 149 333 887 240 612 228 800 216 615 717 876 218 420 865 320 819 630 799 912 345 375 433 562 810 446 138 379 
64 322 302 562 31 326 427 658 834 901 927 43 883 951 514 922 682 237 565 495 799 305 819 184 987 562 479 805 588 271 854 124 64 937 686 286 405 630 295 481 765 460 673 503 975 162 927 79 396 13 715 731 536 298 601 946 138 134 472 430 781 942 214 992 687 420 739 202 922 256 858 862 946 584 307 158 830 968 381 731 634 589 522 826 356 350 802 116 925 900 949 21 363 884 299 935 877 739 54 567 
167 34 43 672 950 825 829 895 366 32 146 95 938 292 658 798 939 847 157 983 214 156 140 841 199 465 500 969 778 885 614 620 915 436 90 79 932 761 165 122 392 891 736 753 589 11 188 573 319 885 946 668 371 525 440 372 41 924 521 406 270 107 563 816 992 575 88 387 243 526 709 159 67 257 511 51 603 890 102 601 182 127 994 817 501 352 166 77 456 910 610 462 736 444 510 293 644 507 363 428 
970 976 708 310 673 713 373 3 964 328 91 777 266 182 668 520 444 540 336 332 670 710 328 649 65 193 222 938 168 159 325 938 474 528 179 95 608 251 540 155 696 53 536 677 497 65 184 87 543 250 661 33 25 789 778 79 881 674 395 319 52 331 462 413 851 86 528 250 625 504 771 418 254 979 447 861 387 897 535 504 647 433 478 757 450 714 609 928 544 766 190 452 368 1 805 485 397 881 558 191 
132 48 603 767 671 647 831 104 802 510 256 50 573 530 353 294 529 230 83 740 382 69 389 640 539 782 394 851 216 634 298 318 353 26 955 12 876 20 553 400 261 71 963 605 639 308 784 117 430 721 938 356 530 744 11 30 879 469 653 573 611 320 942 247 168 63 987 328 370 920 244 421 867 925 817 113 134 256 891 986 976 978 758 518 557 207 693 355 818 956 479 780 391 244 609 43 808 118 172 955 
92 891 856 821 845 823 289 886 385 654 24 38 576 201 438 964 535 665 77 192 373 315 151 665 332 661 347 216 858 328 292 965 249 270 645 705 539 390 859 532 922 573 465 927 990 695 418 332 808 815 658 173 984 259 189 787 250 924 669 32 326 236 446 30 784 649 420 929 949 193 159 795 543 342 886 991 402 940 450 96 688 912 932 842 906 140 194 769 161 104 710 433 268 27 39 654 146 179 292 493 
122 137 758 715 17 544 957 780 812 359 294 790 455 469 20 192 285 485 845 605 584 834 70 581 396 757 257 405 751 733 693 918 532 69 375 932 616 92 440 64 876 177 95 784 196 22 737 733 615 463 830 582 545 234 510 83 773 425 363 452 519 510 56 634 233 478 506 918 348 850 95 826 65 866 237 813 432 898 595 891 817 345 918 355 570 215 485 530 584 904 165 329 105 199 204 827 170 724 656 978 
724 8 72 498 44 465 182 141 955 681 267 536 91 116 187 414 388 482 147 732 901 705 784 869 439 47 193 127 638 878 712 782 993 17 989 495 757 958 708 704 525 213 120 830 61 632 496 542 230 226 40 944 380 517 883 505 647 255 936 848 823 581 35 299 139 579 621 915 340 738 134 430 173 123 682 539 470 620 546 659 370 200 637 102 565 899 438 499 130 119 576 821 491 416 367 98 882 959 905 69 
745 301 325 151 901 606 178 721 648 752 51 749 742 644 641 662 120 820 202 949 24 190 417 557 300 376 694 578 214 676 472 21 579 318 223 531 979 36 759 879 41 341 802 396 859 589 381 760 292 656 310 550 432 276 460 250 24 324 847 738 95 507 650 979 35 870 319 762 648 421 505 197 522 803 903 480 129 323 648 980 754 422 602 829 732 442 864 611 560 765 203 412 988 19 695 671 193 908 874 172 
884 954 425 75 10 497 235 18 304 463 394 890 994 542 535 380 34 848 485 264 155 915 913 495 326 37 256 274 253 561 770 921 167 386 685 665 315 424 525 856 568 809 267 507 388 314 876 162 187 606 571 585 179 557 209 483 813 713 212 874 999 829 894 2 712 263 688 799 131 223 510 371 840 24 76 829 431 439 401 199 775 618 371 862 886 652 404 239 121 150 67 80 870 887 446 237 8 846 455 757 
507 175 4 844 81 493 556 537 741 568 734 115 885 815 988 903 117 103 817 157 962 244 558 949 428 783 171 284 743 498 708 571 611 504 369 849 683 856 907 528 516 915 276 366 111 683 759 661 600 151 80 996 711 220 580 983 47 207 660 629 109 528 630 185 963 1 45 564 78 848 490 912 381 176 506 240 11 431 178 374 183 443 905 348 553 486 421 904 528 556 513 130 570 811 797 527 971 706 478 995 
666 925 824 787 544 616 681 857 882 58 671 427 65 572 549 406 873 313 370 878 22 569 411 938 22 241 714 510 394 461 734 752 350 568 125 927 564 979 368 169 60 356 822 189 336 233 579 424 92 158 106 827 267 619 577 804 936 738 580 724 114 815 885 506 772 49 74 94 891 344 983 496 313 375 446 242 666 299 572 259 837 341 469 582 653 565 547 314 681 247 523 211 665 963 545 529 74 895 206 959 
91 968 414 455 681 417 751 387 152 746 486 831 467 133 764 958 925 293 401 419 201 200 600 529 632 967 948 924 601 659 289 482 853 746 934 28 707 114 873 873 169 261 755 429 381 366 454 221 179 707 300 367 872 356 794 384 254 67 565 629 504 452 19 534 449 983 822 496 904 51 876 931 823 869 195 635 948 129 699 386 935 281 180 238 109 964 17 999 661 144 717 179 369 107 253 437 575 622 438 276 
520 907 289 704 728 305 92 171 736 302 820 381 761 892 519 248 530 295 110 741 27 718 498 174 586 783 543 262 974 16 687 846 611 315 32 90 926 642 120 819 889 20 599 118 880 366 415 141 21 182 608 268 489 948 87 815 444 593 599 761 584 388 248 752 129 3 487 200 575 127 959 429 214 444 446 957 869 631 435 797 207 408 207 379 463 938 433 132 575 513 599 903 155 140 417 905 833 418 664 594 
188 185 599 448 793 525 1 474 425 791 531 392 680 622 299 858 557 898 338 758 43 702 110 638 792 309 499 513 684 33 802 512 628 344 346 923 976 472 295 230 361 52 896 703 71 424 437 473 426 441 841 389 648 649 396 367 790 345 877 687 450 879 70 714 649 539 47 968 316 749 824 463 384 337 337 336 214 973 100 440 152 594 598 554 997 865 650 938 495 336 711 69 331 245 27 872 121 883 863 62 
869 915 476 398 781 900 134 268 443 686 233 423 629 19 810 915 363 351 759 648 137 241 241 130 263 675 697 642 269 359 265 981 194 946 372 940 959 710 720 772 599 2 939 534 178 20 684 898 291 666 3 311 302 733 252 478 221 504 264 896 205 360 269 869 821 451 255 975 215 70 766 950 490 386 482 637 703 846 276 61 594 627 895 657 996 52 71 249 151 860 841 954 393 149 203 702 316 222 565 609 
197 229 256 44 196 861 590 45 459 313 955 566 291 74 570 860 43 917 875 483 963 825 3 585 648 703 172 752 680 378 207 392 905 74 487 53 764 404 384 748 360 716 96 99 901 870 628 618 621 616 846 981 378 340 718 307 212 333 895 428 185 296 476 94 762 366 834 648 748 318 447 723 900 456 691 486 447 903 598 537 329 919 483 677 779 72 651 322 603 760 565 200 839 376 596 698 9 272 681 31 
434 933 523 931 464 340 741 382 922 87 935 443 582 927 359 340 592 474 393 276 534 648 524 141 921 41 488 635 7 137 493 1 615 62 53 10 788 817 325 739 358 355 255 143 453 923 828 34 975 493 696 571 300 764 822 388 913 739 998 787 2 945 45 190 819 315 636 818 496 742 299 877 987 670 871 125 366 824 321 728 826 167 777 285 319 285 659 675 797 175 673 553 826 551 657 830 309 92 568 658 
563 380 599 948 776 13 22 629 329 193 46 148 775 720 11 484 893 26 937 804 62 381 446 477 505 219 961 217 87 280 74 585 319 867 706 704 966 395 644 575 541 532 292 696 726 241 702 143 912 980 714 709 931 572 951 623 573 623 134 15 423 328 537 337 746 514 179 961 766 78 833 331 483 681 890 763 17 2 83 526 150 10 286 624 366 829 515 431 760 840 895 952 790 172 37 97 645 506 819 367 
654 118 846 785 828 657 984 644 790 370 849 41 736 389 259 612 597 719 627 397 144 825 813 820 700 539 350 801 7 970 576 170 78 365 170 201 61 884 262 933 159 202 320 847 453 797 91 336 290 299 701 930 158 936 462 548 864 949 877 297 106 371 108 219 224 152 918 899 561 657 957 357 202 145 280 786 135 553 477 62 147 953 851 652 353 709 500 358 268 411 785 953 404 348 687 656 546 610 432 808 
591 217 149 172 272 336 210 682 804 850 730 349 608 320 117 404 939 785 127 843 94 957 331 49 183 718 896 994 470 352 450 910 230 675 156 2 688 471 213 805 69 591 169 893 851 528 698 475 170 748 85 660 335 946 770 849 609 401 327 578 154 93 404 103 983 16 684 303 812 269 626 412 122 17 194 686 786 35 490 135 959 517 736 527 183 923 982 298 202 260 884 814 31 263 884 497 170 400 676 363 
434 938 175 671 579 311 517 88 599 550 85 106 106 493 144 70 566 295 311 858 908 263 87 480 500 550 716 654 767 394 389 302 619 247 54 502 639 762 627 987 904 276 700 554 995 643 523 672 147 191 30 906 181 788 697 647 699 739 580 116 334 438 925 840 935 220 383 42 392 833 323 943 126 738 549 865 129 880 331 852 400 763 338 267 207 384 786 290 802 566 618 645 86 149 398 761 918 136 904 105 
276 397 486 277 888 955 475 173 902 523 104 964 459 722 363 51 216 478 272 379 650 326 440 448 825 783 768 218 607 372 131 725 84 198 770 443 320 965 11 528 56 997 920 655 733 500 394 748 329 668 317 553 659 572 45 180 237 467 233 425 780 720 664 684 495 387 913 194 52 368 159 193 688 670 941 709 134 91 414 596 785 658 928 748 909 647 594 483 363 506 612 663 947 835 101 680 79 293 427 651 
453 717 542 416 782 781 102 206 541 276 103 53 178 329 194 964 287 152 478 444 362 611 494 117 893 93 204 392 986 579 134 996 859 428 249 893 209 979 652 594 107 794 534 254 986 737 674 105 651 711 713 367 516 367 552 730 370 431 893 715 490 390 708 15 878 100 295 536 659 551 149 153 185 243 10 86 42 273 312 67 55 507 315 772 991 766 467 813 633 273 782 227 749 437 293 91 854 430 624 937 
474 962 700 459 933 175 227 119 66 505 60 418 132 676 157 859 772 207 535 48 140 834 417 487 508 377 415 903 866 833 572 208 351 11 486 224 176 703 41 136 362 947 951 791 178 219 574 581 267 963 290 874 921 355 269 271 398 274 612 501 499 54 244 373 106 979 701 225 545 195 541 137 121 676 560 344 296 552 599 336 468 249 118 402 905 867 739 571 173 63 499 996 305 557 63 441 907 481 384 836 
106 42 206 106 657 487 775 910 256 722 422 973 487 618 946 274 596 123 153 59 471 321 469 100 340 597 222 634 345 542 119 730 729 428 213 171 400 274 261 850 400 730 397 557 555 333 15 961 698 203 306 391 981 567 761 125 932 222 303 89 293 130 35 948 487 795 433 748 367 877 297 122 273 135 340 134 793 763 340 839 882 442 843 440 583 658 855 679 840 738 52 231 815 548 571 128 188 372 362 166 
230 9 635 288 387 218 226 433 905 683 785 276 629 664 182 756 741 161 615 506 633 702 445 626 791 45 479 976 912 882 728 735 780 254 412 970 61 123 726 399 483 46 222 544 620 790 826 412 38 749 146 878 311 5 848 596 525 508 520 27 706 603 188 984 627 907 3 162 281 177 443 959 703 676 372 980 500 692 47 857 412 501 631 203 914 485 327 140 369 698 605 648 891 71 21 354 801 601 400 383 
837 269 134 720 932 36 730 750 728 569 974 593 685 674 567 953 450 78 105 777 330 783 350 345 220 847 275 803 919 911 604 824 490 846 489 508 819 767 873 623 959 342 966 501 34 628 992 201 663 673 103 637 305 106 219 613 19 515 87 741 485 518 926 671 736 540 660 898 436 380 383 432 584 258 543 982 290 130 260 81 568 253 400 671 238 883 989 388 280 450 360 486 355 813 990 11 807 617 189 610 
439 564 694 607 500 54 386 883 103 893 499 563 382 756 308 975 33 507 747 366 37 749 86 416 272 525 732 996 438 523 86 884 140 878 550 413 875 258 406 963 7 732 451 981 361 443 996 93 642 706 590 611 56 603 26 514 798 558 633 842 871 266 518 408 435 291 701 715 309 653 371 272 428 872 102 737 961 836 630 857 136 687 461 19 75 693 563 284 915 455 252 901 80 879 814 782 339 179 749 440 
674 48 50 769 604 176 516 829 141 711 5 475 244 763 848 86 100 186 9 445 960 937 390 54 10 186 532 126 757 557 302 115 113 42 601 398 200 917 67 323 367 404 374 139 278 117 783 604 875 347 140 631 620 827 230 83 109 730 858 8 177 81 350 102 971 492 883 783 463 543 445 650 605 969 155 561 206 414 379 502 346 160 893 993 705 126 964 765 96 616 440 444 975 585 359 592 96 45 909 532 
763 837 113 770 24 561 459 830 44 118 755 234 32 632 131 363 909 241 96 316 893 739 853 667 414 2 872 609 72 606 393 469 586 296 616 315 64 514 558 552 999 172 647 161 348 100 415 21 282 453 675 713 690 484 833 355 344 215 282 545 755 870 206 634 541 519 273 677 668 29 421 16 97 624 800 404 287 851 696 0 222 450 596 298 648 26 812 173 499 974 220 320 201 22 452 979 356 515 252 848 
982 25 943 495 16 931 37 753 273 734 390 242 17 327 763 249 431 798 151 234 200 671 398 758 737 806 324 744 879 467 497 956 188 446 180 939 253 189 958 762 770 620 841 444 77 820 161 573 974 255 137 864 423 643 376 979 428 221 549 546 309 432 497 657 671 30 421 286 727 437 244 118 441 406 554 982 160 75 549 109 879 414 754 609 727 330 187 167 74 60 712 287 736 105 819 975 319 535 809 687 
712 284 118 804 455 244 496 217 916 337 535 299 88 779 611 460 98 579 478 642 979 602 91 553 830 591 576 766 292 977 488 973 294 818 884 174 253 77 259 955 575 337 503 414 442 877 546 856 798 646 673 21 414 920 664 606 920 938 191 951 717 397 227 730 754 230 855 643 240 873 668 222 26 136 382 558 589 797 98 991 52 429 277 54 157 645 799 464 917 761 864 48 459 395 257 989 188 352 190 995 
795 857 474 257 740 441 947 667 145 578 656 504 364 230 337 255 254 594 862 357 623 621 643 178 119 290 970 462 580 193 825 310 565 45 53 979 79 666 983 509 230 125 614 947 198 993 445 806 954 215 79 431 724 717 121 526 335 194 686 613 34 401 8 268 701 708 782 830 753 331 121 452 163 526 755 160 529 303 738 653 777 139 137 349 958 426 897 875 411 781 958 586 5 263 300 917 92 143 660 161 
595 598 233 696 73 964 328 895 295 151 199 106 442 327 421 455 251 227 187 840 229 440 425 509 838 244 572 65 58 206 919 308 93 32 575 273 520 111 204 352 246 706 820 847 711 994 938 773 348 9 215 639 867 126 496 958 462 143 473 960 263 240 647 286 783 380 412 47 104 664 487 251 23 240 442 83 78 613 928 614 880 68 54 783 374 813 201 725 458 241 729 843 803 845 701 865 624 487 551 482 
392 343 673 225 618 432 680 157 240 447 560 204 369 875 320 919 838 197 271 819 765 386 614 320 741 950 560 261 162 380 649 875 922 659 723 120 142 139 694 943 933 553 392 447 149 7 635 225 547 71 359 694 902 905 712 136 183 203 633 368 827 489 136 584 36 613 756 769 596 88 725 216 628 474 682 533 981 447 473 780 829 715 51 23 580 463 149 28 735 811 791 835 172 886 990 339 279 533 588 453 
333 648 555 48 999 779 150 799 441 588 617 960 211 432 626 927 560 131 367 634 438 7 298 758 565 748 267 930 163 698 428 898 287 131 51 575 756 596 907 101 993 461 396 205 495 783 292 276 490 157 350 428 371 742 882 449 333 963 333 751 472 484 947 50 587 184 82 837 812 308 993 439 988 275 912 92 447 655 650 624 138 663 928 945 584 833 664 901 318 290 566 257 261 220 977 835 408 167 602 635 
887 788 144 334 132 109 119 259 340 889 763 970 159 175 407 784 627 280 227 856 318 130 189 39 19 330 815 631 816 777 874 671 133 235 257 216 479 684 745 179 413 420 623 297 795 629 243 219 557 410 83 740 182 290 971 451 506 725 148 261 529 422 938 946 206 338 459 271 206 128 597 156 716 905 150 807 172 602 362 745 630 808 137 959 182 987 223 980 986 806 360 765 84 845 683 293 497 576 734 129 
376 744 491 95 959 792 193 379 3 310 542 530 142 849 756 371 406 76 569 714 459 300 995 399 137 503 772 142 439 454 531 872 407 941 859 730 895 552 759 645 423 608 102 38 125 629 236 278 597 54 714 269 125 960 62 634 0 188 181 527 896 964 761 563 601 302 142 863 12 681 321 917 154 64 675 333 810 342 802 738 85 57 600 165 759 25 728 392 568 635 431 774 772 425 960 945 848 52 91 428 
766 933 510 491 35 48 203 543 702 130 836 486 852 164 789 450 34 760 90 577 858 452 353 349 403 877 360 748 154 822 306 891 885 617 886 575 489 405 641 164 577 233 421 474 699 560 617 308 430 989 939 539 775 656 91 10 700 690 658 147 184 885 859 83 832 304 705 665 133 90 786 524 875 612 562 102 849 68 731 219 163 23 459 311 573 671 334 351 472 949 405 302 185 385 975 667 40 48 616 401 
631 461 520 16 380 251 965 754 112 225 91 496 417 967 66 677 628 560 81 867 871 73 690 53 759 177 350 141 213 1 498 407 302 54 194 862 3 461 493 30 414 902 201 585 879 716 801 869 670 28 876 278 945 196 920 224 928 454 294 600 23 268 624 292 820 510 544 655 2 506 171 442 805 148 878 232 742 119 935 336 313 186 343 744 550 14 735 855 533 351 361 972 414 513 960 574 743 645 547 52 
831 212 485 22 451 651 713 11 398 887 900 972 294 555 883 721 277 712 239 899 70 109 486 481 297 423 636 295 448 914 562 539 915 424 854 250 640 738 914 100 47 453 521 659 701 526 207 961 920 802 393 594 83 911 78 487 321 711 244 405 735 182 421 974 949 17 619 518 14 913 930 273 89 273 621 955 974 900 108 120 541 515 388 325 75 814 159 182 406 576 534 610 988 184 805 508 135 885 518 739 
331 553 56 372 891 594 648 638 977 653 385 150 709 644 577 461 600 281 300 55 440 315 420 756 478 601 705 124 871 180 518 271 241 442 364 68 398 688 515 235 389 632 918 371 959 236 238 352 96 417 842 960 815 407 278 981 831 216 889 712 598 847 979 156 510 772 7 632 451 85 525 185 12 326 667 864 333 596 349 263 660 966 211 354 658 429 642 100 21 222 205 151 956 86 958 184 723 605 679 170 
927 334 678 914 532 398 601 147 605 355 46 979 667 847 374 990 835 213 978 609 449 987 46 225 857 888 974 829 887 184 623 385 213 782 207 61 990 385 767 502 824 866 159 427 455 621 611 218 480 310 213 524 331 518 579 550 949 270 635 546 596 387 620 277 428 794 431 946 313 230 757 343 702 505 682 822 406 719 515 760 162 137 900 541 2 160 589 270 847 503 86 238 560 502 72 982 891 229 670 873 
783 286 244 848 295 975 302 526 330 518 453 630 257 61 822 36 688 272 635 433 208 884 557 259 148 923 386 932 963 501 636 362 30 545 675 631 323 700 404 650 81 729 873 446 108 243 387 905 963 247 285 383 120 268 283 176 544 751 746 927 740 50 970 149 343 638 578 70 545 129 995 986 708 545 768 654 29 402 235 492 292 188 259 64 711 232 885 77 588 196 953 64 286 806 543 418 826 142 490 908 
923 38 315 310 842 726 440 536 370 211 167 285 955 840 982 21 77 144 685 658 935 874 814 805 937 254 851 33 7 200 793 953 455 155 532 614 701 743 740 739 916 437 910 596 424 586 493 92 585 931 162 671 667 809 986 215 996 909 87 379 230 669 186 612 341 534 207 570 923 405 593 439 491 337 120 346 986 987 144 487 804 242 493 12 214 664 899 887 504 0 370 286 494 276 138 127 55 722 363 834 
733 231 937 716 422 423 382 205 818 939 296 476 575 284 780 561 593 511 531 547 541 626 749 500 152 926 667 105 36 821 185 278 243 614 323 178 703 534 207 599 680 281 620 469 471 522 57 182 476 63 938 757 619 297 734 515 908 626 636 914 995 656 784 222 149 817 544 569 668 463 571 326 988 30 404 400 39 443 284 652 118 672 718 907 290 157 695 813 354 561 686 595 845 378 736 203 802 49 238 393 
318 97 75 476 278 769 409 39 862 328 348 265 201 865 17 687 305 535 0 16 202 323 767 714 538 627 9 203 140 621 360 594 925 277 782 47 902 563 10 57 723 945 65 230 451 43 59 920 458 87 175 38 515 143 377 208 226 837 268 192 985 790 99 109 497 938 916 25 635 811 359 653 911 621 947 972 21 13 610 494 739 724 910 166 478 126 92 309 564 461 336 816 514 684 801 8 313 737 166 609 
606 858 153 629 218 940 667 433 879 224 984 665 645 383 588 743 395 319 495 386 482 446 501 245 558 838 281 964 86 122 379 679 527 688 935 616 172 511 592 167 649 299 572 448 943 255 290 723 690 107 554 101 874 830 212 789 999 661 435 410 337 332 563 99 534 388 257 78 805 966 250 781 306 967 7 301 835 93 719 113 139 353 941 488 373 605 844 746 907 736 240 216 783 328 422 949 811 991 751 615 
348 960 633 794 180 900 71 671 327 905 811 833 174 258 713 641 347 556 701 627 404 288 215 248 883 397 357 757 733 936 594 819 306 174 358 944 21 873 23 143 628 954 430 251 810 198 701 490 203 27 15 928 800 716 888 273 132 316 159 267 493 0 273 954 455 544 273 950 630 375 732 363 450 296 833 719 416 188 49 562 15 81 715 57 688 757 404 354 457 420 853 439 171 206 589 581 3 333 616 444 
462 461 312 348 241 12 739 574 16 884 677 984 429 343 656 173 619 91 450 389 595 302 854 681 199 611 884 858 430 757 861 578 327 900 490 410 953 206 797 62 754 351 354 414 526 460 855 118 427 805 722 409 946 41 506 617 897 519 280 242 719 361 335 184 919 331 770 230 505 237 813 184 589 293 624 179 890 569 23 716 134 860 532 742 718 46 81 88 168 569 513 862 823 177 367 542 520 35 201 550 
858 258 293 621 139 358 341 367 377 134 800 237 813 855 201 780 87 213 84 916 574 577 93 68 966 28 907 684 64 468 678 716 172 212 901 267 138 760 675 202 42 338 754 170 728 567 896 819 964 229 106 70 257 0 310 654 340 531 141 554 71 725 337 902 111 996 763 4 675 430 337 204 982 157 614 987 191 411 794 915 767 807 507 39 18 934 300 938 105 21 877 849 183 6 163 118 843 370 401 390 
958 166 583 261 725 361 803 304 169 444 150 28 646 914 272 758 240 418 973 74 997 395 154 943 926 224 451 434 735 45 799 739 82 177 518 325 607 971 209 26 984 129 532 646 258 311 848 610 197 61 323 349 647 573 404 966 950 931 41 828 965 294 331 505 961 310 253 949 396 37 345 735 842 339 284 625 458 13 75 197 743 951 885 810 728 498 755 188 485 14 550 35 907 412 839 202 929 821 213 515 
900 399 186 697 536 50 599 654 912 61 257 334 623 511 972 411 416 139 496 171 652 842 673 159 906 951 323 949 675 608 668 240 126 617 868 694 513 181 444 19 714 55 859 821 237 109 743 167 855 951 146 617 458 887 418 672 113 489 477 154 471 204 132 173 123 114 224 424 807 293 331 306 1 82 41 601 33 986 134 158 924 719 849 984 729 260 105 806 650 392 159 905 477 92 965 728 907 730 245 798 
568 585 85 465 109 487 121 908 115 22 162 832 777 946 445 943 943 249 63 697 67 52 920 506 508 318 837 851 694 170 619 247 838 898 377 282 646 941 885 885 938 40 617 469 532 465 703 77 701 783 235 545 262 350 473 709 430 178 430 388 276 858 963 813 775 479 351 371 723 837 740 893 848 201 605 645 814 595 855 492 187 662 806 382 793 494 992 250 529 769 504 717 876 777 588 359 356 753 304 182 
118 894 558 274 307 376 78 73 751 681 755 971 9 397 574 72 492 643 47 313 678 899 665 581 223 632 430 357 748 480 235 994 717 785 908 53 595 542 459 759 903 91 725 514 54 837 117 312 697 54 134 530 869 15 995 788 549 222 425 567 937 131 296 455 305 45 517 238 418 315 556 848 405 752 12 569 172 238 787 164 942 470 748 518 981 438 189 746 822 68 366 661 793 51 111 741 938 395 274 54 
831 22 185 781 826 312 793 336 257 31 551 989 805 892 705 339 248 663 488 462 746 714 812 295 541 455 153 931 175 115 297 171 241 559 475 828 6 213 402 159 630 288 153 516 828 647 589 274 20 59 907 10 528 263 180 342 757 736 437 635 314 44 564 710 945 536 865 863 521 684 873 903 427 954 113 767 291 784 145 820 2 938 542 62 114 307 580 120 209 461 60 61 385 743 51 776 823 430 107 356 
683 984 934 110 671 149 799 672 748 142 740 687 554 947 801 352 182 231 590 166 944 535 125 783 925 563 892 920 411 364 266 845 539 87 704 309 276 400 124 150 950 355 510 501 851 678 637 217 917 443 178 233 668 573 816 442 438 649 617 909 596 95 413 465 643 833 767 477 968 340 776 792 920 540 216 173 495 132 777 825 239 606 239 751 203 528 397 742 700 865 218 729 620 98 700 415 49 479 635 36 
900 544 289 488 419 611 544 759 900 645 798 712 571 177 133 905 726 296 373 524 454 170 381 43 609 411 127 265 782 913 213 396 808 229 977 957 711 272 881 66 371 264 818 711 538 868 380 328 68 644 863 154 718 244 188 803 812 18 935 646 370 206 867 411 316 714 695 519 260 714 304 352 332 910 271 484 573 950 428 99 111 285 763 137 706 328 414 568 829 545 443 22 76 759 896 155 863 264 148 558 
569 690 287 88 327 911 597 297 538 415 886 513 157 266 282 274 907 382 532 420 611 21 52 457 670 227 521 915 851 551 815 594 112 672 997 426 19 466 82 780 569 816 594 852 632 812 939 731 312 693 637 422 536 584 169 847 886 523 128 659 190 118 488 675 631 459 299 270 657 951 328 95 308 961 14 75 774 322 30 742 115 806 825 782 26 82 282 688 733 886 796 106 985 150 735 217 535 107 216 972 
