228
271 367 196
98 277 499
331 912 899
998 942 633
190 995 491
982 212 830
873 721 306
18 762 727
528 333 195
271 131 667
638 328 895
915 179 518
828 430 968
122 63 300
469 906 650
681 737 841
755 43 175
517 771 48
850 318 418
982 985 946
662 232 570
841 750 208
623 719 476
39 371 656
945 21 778
34 214 247
78 390 280
201 790 387
871 209 905
856 507 107
440 77 441
542 286 103
613 114 296
984 770 920
358 900 959
924 147 256
314 779 291
457 167 721
666 424 922
173 883 793
251 325 1
889 780 793
3 429 335
125 701 949
25 12 285
524 268 995
303 559 920
822 632 586
598 906 43
482 699 709
807 52 235
587 845 838
368 533 727
69 482 82
81 119 207
350 115 584
261 387 108
246 973 763
152 17 586
852 78 184
256 313 666
454 503 825
987 582 765
821 664 133
292 223 203
407 807 636
146 267 338
120 31 952
489 617 198
919 153 350
233 172 554
88 997 163
671 762 617
687 896 604
911 451 777
70 87 69
690 778 829
721 730 975
690 928 447
195 630 288
367 537 208
365 700 793
127 317 881
375 273 552
178 50 240
618 471 503
396 300 925
478 628 615
758 75 688
388 716 378
925 924 574
625 717 941
294 598 658
567 503 138
969 95 865
441 598 44
93 875 662
721 491 410
149 531 888
865 910 646
789 836 386
506 129 664
456 788 641
311 926 936
406 791 855
356 187 825
232 201 618
75 611 711
606 851 433
868 849 582
56 588 447
186 252 236
326 893 94
604 829 902
747 37 214
935 862 972
488 832 329
100 543 913
303 328 988
505 910 946
93 709 167
345 297 223
238 743 761
420 646 87
457 212 691
671 536 791
503 865 726
398 130 214
727 470 666
989 417 322
699 936 827
996 159 272
740 921 617
738 360 207
302 404 627
838 195 436
56 273 107
186 839 962
9 506 361
778 180 88
714 359 77
225 631 128
498 248 125
859 807 217
263 435 307
810 223 961
83 331 151
922 293 207
780 6 746
312 94 755
671 524 885
302 652 599
902 129 824
62 698 323
849 357 182
72 318 797
403 470 959
49 29 394
407 127 316
854 234 449
378 119 761
382 718 785
864 895 439
562 218 694
272 752 756
942 901 605
412 860 677
794 606 433
273 922 834
508 723 241
979 837 95
698 974 825
945 413 208
163 107 424
267 863 986
168 820 610
380 498 553
986 283 317
260 117 111
336 710 385
173 158 245
147 983 224
912 543 274
372 967 219
235 306 382
408 916 1
258 469 169
541 787 901
10 250 239
72 635 500
230 232 836
214 457 361
109 731 860
77 951 124
383 685 496
651 687 84
121 208 492
260 110 750
510 349 643
498 201 653
730 389 725
187 102 956
271 314 522
574 439 631
611 935 60
298 19 443
859 511 95
321 613 568
22 256 828
224 909 690
965 987 188
68 295 271
734 817 810
173 800 81
109 861 655
480 656 267
344 751 917
957 671 776
214 499 449
475 190 472
462 730 696
757 1 13
926 812 433
727 245 168
940 253 341
596 872 802
700 141 283
371 918 627
