936
150 223 367
626 413 191
440 495 239
550 849 253
476 13 686
555 258 854
495 511 548
444 735 702
144 877 985
515 147 964
738 866 901
503 58 403
999 297 381
200 550 822
213 589 724
471 795 200
335 343 108
70 46 955
299 383 399
446 700 543
313 601 59
723 4 149
20 738 653
923 560 4
512 284 204
307 836 417
3 296 240
401 252 575
136 3 998
836 547 297
789 958 744
794 107 409
532 112 132
444 116 504
80 672 427
268 89 291
565 330 951
169 257 306
172 255 707
71 905 195
381 1 32
841 410 821
953 894 967
422 750 851
94 178 647
536 821 727
866 124 348
475 430 265
731 489 434
988 685 958
989 717 382
751 890 763
997 210 956
747 61 910
277 709 684
99 788 778
223 136 314
6 401 532
495 187 8
532 498 91
601 232 79
492 347 420
702 304 171
115 566 168
824 250 915
965 28 193
101 695 644
855 227 219
394 235 225
892 678 73
124 109 605
472 529 207
776 700 699
342 220 753
944 488 868
972 33 45
667 677 10
247 248 111
834 474 318
513 547 713
622 504 605
504 711 82
556 762 554
777 515 682
265 384 376
650 781 320
327 791 644
575 902 312
401 573 911
300 286 745
805 243 610
868 325 585
631 231 89
146 265 645
882 641 774
663 961 391
806 958 41
61 270 720
634 533 296
920 278 49
515 889 702
193 474 507
424 563 375
690 560 358
683 335 505
997 78 739
955 120 755
577 840 561
110 488 622
740 538 608
629 592 880
455 99 396
370 826 589
283 185 365
618 42 407
696 133 443
168 240 440
9 154 747
849 128 324
739 737 786
331 617 526
430 365 508
609 306 963
146 672 686
540 431 969
673 874 939
914 314 987
420 61 156
548 737 517
285 875 366
255 402 458
620 262 789
927 225 572
951 263 181
382 232 679
257 171 219
923 511 892
337 667 158
426 536 578
302 254 127
704 712 764
966 502 19
543 74 992
159 607 919
391 638 870
915 857 604
778 101 861
445 260 137
333 190 474
587 669 900
300 786 202
154 805 258
580 797 576
539 68 472
177 290 631
34 895 374
135 756 641
747 245 419
290 719 216
311 972 549
97 526 489
255 137 141
404 713 295
473 185 227
763 168 766
10 543 943
767 184 329
12 956 816
84 172 916
408 74 558
934 563 869
71 704 967
785 351 574
322 578 978
843 344 803
386 639 919
922 320 929
230 488 696
403 404 61
829 962 497
392 184 905
448 503 191
799 77 263
377 55 400
73 211 74
64 130 917
736 59 655
224 108 930
981 521 160
295 18 915
479 275 744
982 466 136
59 81 584
467 481 735
678 556 464
808 825 537
867 481 953
327 411 689
848 923 266
218 839 247
493 583 542
312 72 374
393 8 356
227 744 768
135 208 235
960 98 265
793 51 425
204 93 292
128 711 972
319 958 820
902 852 39
974 226 884
983 935 548
79 703 942
287 290 521
737 907 656
141 332 616
234 976 762
945 948 966
255 769 446
459 160 765
38 396 20
973 945 994
28 239 329
670 760 408
577 416 48
909 384 785
237 146 926
186 465 512
307 911 809
819 29 416
215 401 876
160 747 914
399 77 239
159 837 619
927 237 289
312 23 218
458 301 127
923 166 716
187 327 902
568 744 209
969 972 28
716 238 596
145 477 108
983 96 508
220 737 19
595 955 947
249 434 611
415 150 69
94 53 345
190 614 884
162 995 804
400 591 773
877 699 841
325 559 987
62 931 322
17 230 894
451 841 842
602 262 91
7 959 858
621 843 952
968 647 143
911 772 657
963 966 58
522 305 287
805 979 613
35 873 675
876 715 45
491 158 496
450 16 450
294 321 809
293 816 783
418 473 751
384 883 663
689 171 626
668 784 500
893 811 306
961 208 693
119 705 922
488 507 413
161 317 863
977 100 509
802 203 155
686 218 573
857 844 957
993 697 998
156 355 18
365 48 911
422 970 224
929 735 344
598 951 184
50 460 345
254 615 674
472 188 476
669 497 162
718 847 371
73 865 716
473 129 873
796 353 238
531 49 12
482 233 941
295 930 892
910 604 942
451 81 548
300 595 21
148 967 42
365 683 760
494 908 185
200 146 658
249 158 454
835 452 338
765 696 820
722 638 115
803 539 378
750 912 181
69 954 481
753 66 981
13 251 347
160 909 193
670 716 745
474 54 347
170 874 182
161 342 299
52 72 21
964 605 176
270 438 927
336 420 996
587 119 101
848 664 115
564 410 627
618 757 649
845 291 476
539 942 998
963 964 159
568 492 563
6 771 527
778 120 797
897 573 485
914 688 72
676 667 273
433 669 837
76 145 456
18 143 653
334 655 192
827 218 155
950 98 75
70 895 81
644 733 860
684 157 109
352 430 375
21 268 51
518 76 836
661 729 912
668 273 283
887 780 617
337 855 796
584 288 747
317 500 169
475 962 813
905 337 850
525 389 554
601 577 575
682 490 445
307 773 458
439 742 127
294 539 366
935 638 703
435 807 287
397 973 605
735 823 432
476 377 337
405 304 863
895 749 816
20 207 851
115 686 510
654 52 950
644 755 596
451 395 531
424 352 967
247 784 364
624 121 451
280 336 279
29 505 685
589 356 932
275 218 305
328 168 420
435 765 426
830 296 70
182 263 521
966 980 298
440 431 545
776 63 522
633 748 802
341 680 184
560 337 773
728 757 48
845 183 376
142 253 164
757 127 994
89 425 529
873 322 847
936 196 287
36 351 416
68 535 49
406 308 391
163 708 303
699 85 383
952 601 229
431 595 723
208 476 832
531 324 922
727 611 795
78 379 731
965 781 767
273 524 187
982 827 593
419 210 757
20 791 808
967 514 112
444 699 544
120 621 752
83 416 635
463 499 715
244 618 145
120 805 111
947 399 736
509 508 70
301 316 489
167 428 861
866 324 181
839 429 977
607 64 97
106 779 532
76 277 995
882 388 591
633 476 711
493 547 10
161 388 520
941 602 173
266 783 692
695 112 911
111 561 750
243 93 358
520 441 816
908 384 893
736 448 127
283 458 760
672 330 605
274 855 766
409 548 707
521 459 325
434 561 20
527 271 484
320 440 727
705 333 247
153 812 507
963 924 243
646 529 527
501 295 551
49 354 825
860 680 586
774 52 459
397 536 893
837 263 420
522 510 93
334 369 798
258 613 303
787 492 618
434 43 264
789 220 766
469 158 167
521 617 380
58 510 506
673 282 903
536 375 741
905 525 615
870 828 950
362 799 560
757 63 700
329 181 134
839 701 275
456 433 744
318 939 618
953 842 28
328 935 701
206 551 237
386 853 143
185 413 365
601 113 80
782 600 189
835 875 871
268 620 710
559 590 167
754 618 837
689 319 790
592 909 471
797 404 677
211 769 63
676 849 249
276 391 202
152 262 336
124 972 172
714 491 792
332 329 352
3 119 458
912 942 147
316 619 92
438 683 889
639 284 452
30 838 129
292 174 405
617 698 909
108 491 33
437 195 99
909 653 783
851 152 139
823 244 51
858 486 720
494 938 510
332 419 149
506 177 180
205 86 824
48 472 441
243 571 902
896 707 339
400 846 600
997 897 804
483 969 627
773 479 485
545 981 979
722 161 311
808 337 169
280 131 374
204 33 422
911 724 17
757 325 265
6 129 666
976 108 15
807 945 850
788 924 623
301 587 168
639 756 242
122 483 51
155 257 683
879 275 239
556 892 150
37 910 259
145 925 266
90 775 594
366 751 401
953 271 542
62 514 843
545 565 834
154 600 956
781 840 463
674 342 343
936 602 899
862 868 937
989 814 434
740 215 525
12 109 891
526 953 197
443 787 611
395 96 508
587 559 662
930 254 444
532 154 470
752 443 406
566 877 620
133 754 610
595 998 350
548 547 714
687 158 592
135 666 387
695 328 783
949 124 370
455 946 652
250 705 184
480 325 288
586 935 206
584 638 692
483 352 287
641 945 187
659 684 874
340 467 10
464 190 57
763 842 358
468 379 814
793 19 416
81 226 896
719 270 483
423 557 419
720 96 903
405 970 896
872 332 556
414 389 248
257 748 64
988 914 827
7 682 295
585 579 441
855 414 522
764 185 241
860 440 664
183 337 385
515 245 790
257 493 14
357 557 429
623 737 38
305 32 378
236 473 385
2 347 971
188 588 178
628 605 295
317 342 155
914 132 690
759 498 206
669 279 815
406 669 172
790 47 147
616 433 452
963 756 689
552 286 691
509 581 231
851 89 860
983 779 529
833 337 444
113 152 203
134 676 872
182 823 630
967 628 421
75 669 37
361 712 352
295 944 904
384 156 413
163 685 264
853 129 599
5 685 785
34 909 250
209 540 384
837 313 566
506 702 533
219 54 608
163 311 322
319 76 617
356 341 353
838 292 516
523 77 721
784 327 79
676 64 113
341 630 322
43 516 512
450 476 18
761 798 589
837 767 752
530 120 423
175 989 132
604 710 970
932 789 845
348 254 629
978 929 658
494 441 999
323 459 43
473 49 493
241 153 606
713 929 443
702 61 326
765 31 501
554 876 105
161 857 389
90 515 737
531 515 716
342 910 562
743 755 237
249 361 711
178 156 952
591 482 17
622 983 720
850 441 485
59 830 391
575 568 552
442 636 642
704 550 525
459 788 868
172 499 963
328 803 212
811 820 390
146 892 981
587 729 955
770 121 157
338 25 217
326 20 144
876 545 938
16 765 642
867 729 453
670 941 625
843 332 953
87 665 116
817 973 263
938 130 202
963 699 972
983 195 662
881 133 988
646 127 217
375 580 233
669 205 101
353 159 123
18 275 318
991 890 406
474 445 223
173 417 513
369 432 828
854 420 164
982 989 45
562 575 43
120 28 419
279 151 440
906 822 793
149 580 811
594 155 155
363 668 629
795 496 802
568 660 523
557 57 378
484 101 360
512 872 274
16 312 394
838 105 25
418 268 284
573 423 433
593 52 379
441 207 742
102 730 890
511 460 458
612 820 367
484 447 852
148 193 364
253 219 380
522 503 570
297 288 340
702 667 265
909 761 858
991 651 652
452 461 754
624 181 617
71 385 230
617 101 66
836 834 215
691 404 820
331 97 342
350 362 992
111 573 694
115 225 955
928 331 946
109 948 398
494 530 23
596 597 446
782 812 63
186 632 251
283 327 294
998 671 625
571 365 327
148 320 439
479 266 906
779 17 834
310 392 944
907 838 790
71 254 738
55 857 520
382 152 59
53 129 694
770 809 692
442 248 615
709 506 115
78 340 946
470 636 726
660 779 388
266 517 647
124 390 718
628 801 773
109 495 508
918 540 913
518 155 684
24 623 478
365 569 187
1 295 617
132 683 439
650 330 100
392 400 718
193 526 842
40 34 822
580 299 932
88 335 202
711 814 721
280 353 745
928 971 462
611 410 816
294 862 948
694 581 950
220 775 342
606 598 887
258 882 928
593 84 508
407 805 948
761 551 659
84 365 292
846 181 220
709 130 831
642 80 477
417 775 524
15 662 744
249 590 703
334 451 961
139 399 906
42 411 314
408 703 427
941 923 511
71 106 709
504 584 418
279 108 412
941 204 830
884 259 197
687 220 447
86 127 781
849 793 272
552 572 667
827 435 75
934 144 368
870 915 440
978 327 296
534 157 575
794 707 868
366 506 104
845 639 791
638 911 230
562 930 79
997 5 984
142 726 811
57 166 745
384 814 615
894 741 945
953 609 480
459 66 626
450 857 992
713 87 838
644 519 828
1 503 391
727 666 388
245 764 882
59 379 939
800 677 676
762 509 922
828 135 227
685 127 686
125 317 488
996 146 201
499 889 845
165 629 847
929 512 574
661 803 820
690 831 879
199 105 32
334 332 794
813 370 622
131 858 659
629 60 136
870 905 132
499 104 983
363 679 501
519 851 782
702 82 795
808 114 485
140 908 36
511 882 722
721 894 536
781 30 19
39 515 0
143 498 870
174 999 721
25 134 437
108 929 956
222 415 658
483 803 466
717 526 959
611 414 822
994 433 543
509 785 677
359 655 68
711 376 211
845 813 386
774 121 763
541 132 871
697 950 446
223 909 929
989 83 998
774 979 610
559 656 956
214 76 817
942 287 176
108 25 887
581 789 84
713 12 859
664 458 752
573 387 449
9 386 24
988 348 13
996 656 787
72 473 346
711 649 912
89 889 855
230 973 315
242 184 896
701 937 610
440 738 274
178 763 199
878 776 208
534 564 548
7 262 544
9 175 968
898 382 680
223 697 121
408 593 351
345 555 593
83 181 646
198 381 439
975 941 617
891 490 848
153 386 382
328 355 742
710 387 751
759 508 1
353 211 224
260 804 632
442 803 329
175 242 765
116 211 963
958 411 290
