50
9917296451
9203870171
9191214708
80310923
36840533
51753385
4646487
9582877
82595032
12108731
64569469
60310883
95866674
27454829
9255327
28832423
72510422
62499403
14876136
26258049
97626310
87943276
60104365
1409713
92003031
18849413
50607284
43263263
11790501
70044708
45344697
45408862
66946914
67072638
26276539
5944802
86966327
92810344
77280630
92951614
74772543
46400469
90574794
52471901
2556635
84606364
73651023
42707893
81085201
66371990
