9
200 191 19832
421640 547713
650121 928769
547442 928833
346206 886544
-452730 992357
102138 855965
111368 905793
366936 808814
97664 687998
306486 711903
22692 663762
-57963 885504
-55792 734234
-463485 989088
-157192 737144
-241500 603149
-444462 699033
-203932 580725
37067 568415
339672 708146
497484 744522
141528 543200
226728 521244
-433597 465303
-670773 803766
-465166 591015
-579030 728556
-681168 943236
-428769 695517
-430989 850319
-695637 948876
-672624 900119
-773778 921807
-758874 729455
-839679 981300
-955210 760784
-800191 473679
-694848 783081
-460369 356859
-646629 700995
-485911 441003
-172866 451494
176670 433932
147788 290171
-63630 158955
-218544 212418
-137311 104172
-337915 192395
-594397 381366
-394377 121449
-457660 168285
-574633 160523
-892552 553362
-739059 313913
-955867 58566
-917773 -97824
-903582 -25831
-909622 66308
-610884 141138
-804189 175157
-28368 55992
-859281 45278
-693654 -83847
-863574 -237532
-922716 -260787
-992967 -97534
-985303 -325230
-856740 -251470
-747286 -144894
-800913 -272080
-8881 24468
-8194 -8457
-715914 -254083
-994375 -401568
-548785 -206410
-468490 -215614
-519087 -317161
-505401 -438561
-635916 -264285
-987679 -602343
-924600 -404338
-994884 -610653
-636289 -441678
-939984 -654642
-931108 -691998
-524475 -481432
-421956 -421716
-564117 -651177
-229164 -240132
-372535 -260400
-330571 -161229
-16375 -14708
-296211 -419673
-631144 -770247
-651310 -783106
-598599 -530944
-887983 -681904
-335598 -935484
-725211 -869593
-824226 -810015
-804418 -936909
-144429 -971415
-163242 -964416
-209679 -958384
-793611 -924069
-190008 -955056
-325038 -887163
-290685 -899505
-201894 -861412
-69019 -868431
-321495 -805926
-218514 -821418
-330792 -752281
-51315 -869013
123957 -297441
11862 -631902
-180 -529219
-241282 -578964
-353811 -677593
-197515 -505786
-620544 -781779
106704 -247761
-77205 -419121
24123 -537100
182331 10118
183816 -19207
125721 -449055
321785 140418
276747 -36543
439127 321540
491394 374681
105417 -560203
365388 158066
56159 -660583
405623 16545
102431 -783567
97599 -628815
53763 -677355
-94215 -969363
689720 -998911
497210 -982794
13115 -779056
639636 -949197
755090 -985005
351360 -857485
466482 -787842
875934 -993010
562821 -805161
532190 -770952
178265 -710782
305124 -719724
561588 -643776
252572 -661255
635676 -512220
517755 -526083
434478 -433626
238109 -676461
390057 -344299
756632 -508395
485601 -604956
772331 -728628
714215 209544
789264 -923332
718965 488474
771570 492095
710456 508565
662319 288111
718740 -196915
670572 -22404
716706 -430656
520590 -369564
508395 61413
409799 -133239
592218 520601
580616 -310134
609894 351240
794859 715329
655092 441758
833912 804749
762215 -302565
815610 -623682
845013 102423
877247 -561849
996155 388275
993131 723659
953040 957905
954203 217718
924645 258884
818115 550590
848076 786915
843717 823680
-446464 -625320
-518697 -688636
397769 383955
-164808 -291297
914340 980115
891021 967746
740940 999713
18640 -28513
22089 6810
-804189 175157
339672 708146
-505401 -438561
-157192 737144
183816 -19207
-330571 -161229
22692 663762
517755 -526083
845013 102423
-28368 55992
-453248 837486
519141 -788838
-149610 712034
-455151 141765
-466533 143349
-746041 -880137
134980 -851836
-34217 -91147
193074 -691949
-409953 -168833
-932423 55544
723354 -258556
327254 -433955
611311 471935
340822 -758495
49901 -728827
806112 965631
-343468 -276299
151050 494950
-639476 724572
419192 881625
522068 -789331
526495 -795773
29307 -447767
-639093 208682
-307423 -872449
-46198 -105136
-64429 81581
-658733 -721718
-409469 -667745
-830878 175141
-542409 570116
330388 725670
-472100 -267266
-324209 -273590
-228775 -469553
569437 832733
510847 -787427
-335248 -275139
973650 462030
228238 -693661
379288 -327705
-372999 -682530
-675578 880544
228036 -693539
328129 159203
333016 726796
636005 447070
390305 -130056
165034 280401
-342896 -767968
-331115 -868303
-327795 -732726
-674355 -79281
-679682 -97921
346180 866729
425028 12512
-810795 193855
720745 -450072
718242 -216678
-346870 -763767
-812478 193051
-680359 821102
-712160 792708
-617365 -447434
732492 -442586
-938437 -272766
-660 -33063
511026 371907
500866 -371514
-373584 -676065
-341535 -768919
-712450 792198
714396 -450311
939508 204451
-378490 133280
245287 -694938
694404 209559
-814783 158398
-728623 -151479
371125 -857239
13411 -800658
-353437 -265719
164596 -14466
370282 -342506
-777735 723348
-760055 -129720
-751962 896817
222440 722330
-464237 -235047
-624934 -457878
-323016 179323
-758834 312250
-798118 -848882
406629 -152793
186954 -38755
302976 146670
-322010 180482
539725 -606753
90957 -234819
335184 727444
424134 9530
-333332 -790048
-291366 -878216
731333 199611
177648 453701
-17345 -552991
635735 445781
537088 -521407
-646842 -424851
-322027 180527
-463607 148016
734512 -439350
-63786 -842322
-463599 148035
-789448 -904422
-706055 137729
-450616 836471
-34443 36144
505600 726341
347304 806091
-969634 -202018
323333 722437
-214877 608245
-724010 301089
825206 103229
-431196 -404170
243617 -695479
419751 -116023
-646907 -424811
260197 -680684
-454895 141573
194051 550153
179678 -691001
388002 25639
-475059 461206
-9398 61764
-63770 -842322
-121998 116781
-96080 925066
-969554 -201978
703890 226469
-969619 -201990
-283224 -930357
-752100 -397631
935676 167034
868373 -256606
877275 -629318
273359 103058
439958 855190
-62822 -562241
666403 -599995
970713 -629648
704289 -431546
838275 -820928
30965 515123
-749673 -588178
-410666 1293
561632 660368
-73159 117592
-189277 101976
-19881 -376383
831806 933936
89492 -572539
-301346 -481501
-845168 899144
-500587 390134
377475 927977
-59864 305921
407853 264124
88354 37880
415366 -168283
-936191 -258853
-796048 50714
-886305 -639903
934236 -492475
-55343 -892944
965942 -204377
-623071 -227618
-645833 -494943
-597892 -609468
200 187 29786
421640 547713
650121 928769
547442 928833
346206 886544
-452730 992357
102138 855965
111368 905793
366936 808814
97664 687998
306486 711903
22692 663762
-57963 885504
-55792 734234
-463485 989088
-157192 737144
-241500 603149
-444462 699033
-203932 580725
37067 568415
339672 708146
497484 744522
141528 543200
226728 521244
-433597 465303
-670773 803766
-465166 591015
-579030 728556
-681168 943236
-428769 695517
-430989 850319
-695637 948876
-672624 900119
-773778 921807
-758874 729455
-839679 981300
-955210 760784
-800191 473679
-694848 783081
-460369 356859
-646629 700995
-485911 441003
-172866 451494
176670 433932
147788 290171
-63630 158955
-218544 212418
-137311 104172
-337915 192395
-594397 381366
-394377 121449
-457660 168285
-574633 160523
-892552 553362
-739059 313913
-955867 58566
-917773 -97824
-903582 -25831
-909622 66308
-610884 141138
-804189 175157
-28368 55992
-859281 45278
-693654 -83847
-863574 -237532
-922716 -260787
-992967 -97534
-985303 -325230
-856740 -251470
-747286 -144894
-800913 -272080
-8881 24468
-8194 -8457
-715914 -254083
-994375 -401568
-548785 -206410
-468490 -215614
-519087 -317161
-505401 -438561
-635916 -264285
-987679 -602343
-924600 -404338
-994884 -610653
-636289 -441678
-939984 -654642
-931108 -691998
-524475 -481432
-421956 -421716
-564117 -651177
-229164 -240132
-372535 -260400
-330571 -161229
-16375 -14708
-296211 -419673
-631144 -770247
-651310 -783106
-598599 -530944
-887983 -681904
-335598 -935484
-725211 -869593
-824226 -810015
-804418 -936909
-144429 -971415
-163242 -964416
-209679 -958384
-793611 -924069
-190008 -955056
-325038 -887163
-290685 -899505
-201894 -861412
-69019 -868431
-321495 -805926
-218514 -821418
-330792 -752281
-51315 -869013
123957 -297441
11862 -631902
-180 -529219
-241282 -578964
-353811 -677593
-197515 -505786
-620544 -781779
106704 -247761
-77205 -419121
24123 -537100
182331 10118
183816 -19207
125721 -449055
321785 140418
276747 -36543
439127 321540
491394 374681
105417 -560203
365388 158066
56159 -660583
405623 16545
102431 -783567
97599 -628815
53763 -677355
-94215 -969363
689720 -998911
497210 -982794
13115 -779056
639636 -949197
755090 -985005
351360 -857485
466482 -787842
875934 -993010
562821 -805161
532190 -770952
178265 -710782
305124 -719724
561588 -643776
252572 -661255
635676 -512220
517755 -526083
434478 -433626
238109 -676461
390057 -344299
756632 -508395
485601 -604956
772331 -728628
714215 209544
789264 -923332
718965 488474
771570 492095
710456 508565
662319 288111
718740 -196915
670572 -22404
716706 -430656
520590 -369564
508395 61413
409799 -133239
592218 520601
580616 -310134
609894 351240
794859 715329
655092 441758
833912 804749
762215 -302565
815610 -623682
845013 102423
877247 -561849
996155 388275
993131 723659
953040 957905
954203 217718
924645 258884
818115 550590
848076 786915
843717 823680
-446464 -625320
-518697 -688636
397769 383955
-164808 -291297
914340 980115
891021 967746
740940 999713
18640 -28513
22089 6810
-337915 192395
11862 -631902
716706 -430656
-694848 783081
321785 140418
-468490 -215614
405623 16545
-636289 -441678
-157192 737144
339672 708146
-462577 -844482
-122582 -584839
-279034 -862120
-416549 -181707
335605 852514
-460415 -712827
-728672 776076
53701 638814
-878076 843904
-793232 -692667
341676 178680
299473 -825985
228769 -534199
-20570 695624
175834 -792409
80033 468579
-368057 -173391
-680084 -111618
501605 321411
70964 -729881
111633 648639
-756514 135361
76218 468795
879040 14962
933648 128211
-377708 -883386
56429 -247744
198622 -798607
-390264 -172546
738615 -665785
-696851 -615729
-955313 -273690
-372817 142237
-783978 -875072
725810 -459260
-784106 -874096
-111670 734045
-75891 93423
-689289 -120055
-701332 -523641
375523 403716
177759 -681010
205187 442461
254417 510303
-351034 -802415
334337 -833057
857998 129196
-738790 -896073
169607 -739239
-776337 705423
-370262 138904
932626 197216
-370170 138777
-636880 -411960
-336647 -723078
-16803 -639882
-758553 699675
330511 736485
-407870 -395509
-359079 -761485
-322940 -857530
195834 36661
-350726 165576
-698707 814070
-639409 -412064
209051 -682812
621462 525959
900087 242039
-349226 -869882
316292 739996
899141 243590
-113043 121401
416840 -162174
-393341 -281703
196985 455702
-351991 -707323
307551 166550
-370194 138826
171358 271963
-370312 138993
-363892 -163384
387332 -373975
316212 111126
-312185 -860307
-459590 767501
-29528 720186
280989 293123
896672 248653
732669 -405529
625711 446573
-731918 766719
-718974 291556
-35951 -421384
-70142 -828834
435626 -479407
-436930 -395986
387371 -373950
-957920 -254382
287017 734445
229251 491575
-418716 104235
-640639 -586464
721451 -460141
-774026 16619
394423 413592
-773952 16660
-449503 -433201
-339301 -829791
197159 -687830
-399948 -248763
-368386 -289842
697957 311643
-652141 -416529
436324 -146648
178212 463615
-196243 610117
-449121 -192979
212052 11658
18170 -813492
-305418 -780881
-679869 871213
718907 638765
-312142 -860347
753990 966482
206809 -719541
-131984 721301
708081 238686
810090 -24725
929991 200380
-6394 657589
337448 804740
-70198 -828958
-640696 -586418
-754619 699986
-806345 547863
-81731 135414
-376174 -657898
-363900 -163417
819236 117439
196543 411811
-304639 487979
866923 -644441
690937 717605
-24466 635030
-793976 -322016
-45465 608412
523935 -33988
89737 -854341
-209170 -122609
-736001 -889695
549466 -519568
12646 702054
-869425 538807
-985255 964771
883839 162359
-622302 -444673
54757 -460500
-22662 323624
-368324 -938304
426681 942301
211126 -628149
431680 475278
902240 96118
497170 -217167
513662 -462322
-843371 167035
-352913 246975
523807 546432
846259 -140425
770111 213144
-827914 167358
431384 -205127
-126812 8632
-965676 -839546
-625493 185348
-286601 -608638
-332345 102402
200 190 50000
421640 547713
650121 928769
547442 928833
346206 886544
-452730 992357
102138 855965
111368 905793
366936 808814
97664 687998
306486 711903
22692 663762
-57963 885504
-55792 734234
-463485 989088
-157192 737144
-241500 603149
-444462 699033
-203932 580725
37067 568415
339672 708146
497484 744522
141528 543200
226728 521244
-433597 465303
-670773 803766
-465166 591015
-579030 728556
-681168 943236
-428769 695517
-430989 850319
-695637 948876
-672624 900119
-773778 921807
-758874 729455
-839679 981300
-955210 760784
-800191 473679
-694848 783081
-460369 356859
-646629 700995
-485911 441003
-172866 451494
176670 433932
147788 290171
-63630 158955
-218544 212418
-137311 104172
-337915 192395
-594397 381366
-394377 121449
-457660 168285
-574633 160523
-892552 553362
-739059 313913
-955867 58566
-917773 -97824
-903582 -25831
-909622 66308
-610884 141138
-804189 175157
-28368 55992
-859281 45278
-693654 -83847
-863574 -237532
-922716 -260787
-992967 -97534
-985303 -325230
-856740 -251470
-747286 -144894
-800913 -272080
-8881 24468
-8194 -8457
-715914 -254083
-994375 -401568
-548785 -206410
-468490 -215614
-519087 -317161
-505401 -438561
-635916 -264285
-987679 -602343
-924600 -404338
-994884 -610653
-636289 -441678
-939984 -654642
-931108 -691998
-524475 -481432
-421956 -421716
-564117 -651177
-229164 -240132
-372535 -260400
-330571 -161229
-16375 -14708
-296211 -419673
-631144 -770247
-651310 -783106
-598599 -530944
-887983 -681904
-335598 -935484
-725211 -869593
-824226 -810015
-804418 -936909
-144429 -971415
-163242 -964416
-209679 -958384
-793611 -924069
-190008 -955056
-325038 -887163
-290685 -899505
-201894 -861412
-69019 -868431
-321495 -805926
-218514 -821418
-330792 -752281
-51315 -869013
123957 -297441
11862 -631902
-180 -529219
-241282 -578964
-353811 -677593
-197515 -505786
-620544 -781779
106704 -247761
-77205 -419121
24123 -537100
182331 10118
183816 -19207
125721 -449055
321785 140418
276747 -36543
439127 321540
491394 374681
105417 -560203
365388 158066
56159 -660583
405623 16545
102431 -783567
97599 -628815
53763 -677355
-94215 -969363
689720 -998911
497210 -982794
13115 -779056
639636 -949197
755090 -985005
351360 -857485
466482 -787842
875934 -993010
562821 -805161
532190 -770952
178265 -710782
305124 -719724
561588 -643776
252572 -661255
635676 -512220
517755 -526083
434478 -433626
238109 -676461
390057 -344299
756632 -508395
485601 -604956
772331 -728628
714215 209544
789264 -923332
718965 488474
771570 492095
710456 508565
662319 288111
718740 -196915
670572 -22404
716706 -430656
520590 -369564
508395 61413
409799 -133239
592218 520601
580616 -310134
609894 351240
794859 715329
655092 441758
833912 804749
762215 -302565
815610 -623682
845013 102423
877247 -561849
996155 388275
993131 723659
953040 957905
954203 217718
924645 258884
818115 550590
848076 786915
843717 823680
-446464 -625320
-518697 -688636
397769 383955
-164808 -291297
914340 980115
891021 967746
740940 999713
18640 -28513
22089 6810
-28368 55992
-325038 -887163
178265 -710782
22692 663762
-321495 -805926
390057 -344299
-372535 -260400
-670773 803766
-468490 -215614
390057 -344299
905565 199732
-674419 -649323
685063 -636537
261185 -505851
503947 868621
-363999 -309648
-692416 850497
-748407 225673
-587053 -457546
779059 940545
439896 -514347
221260 402102
-705687 856093
-617243 -149924
-865295 699465
308983 -379555
-56785 623265
9045 -409238
-418983 -203943
72178 184404
-717224 838533
-383083 -349877
852447 310875
3702 -427766
429496 -538792
892377 218161
235521 -931761
797265 936618
289956 -429796
-460221 -386170
557380 878829
163037 -764695
234453 -931716
-25499 106091
-355264 -308427
361612 550594
-702199 855329
265209 -495071
-7355 -423761
-52784 -703290
225708 443370
-17159 633586
393740 -294479
-67050 685564
-36309 -645252
-644421 -92431
220596 42211
915013 186696
-623218 -393464
880699 235038
-379360 -720545
-421575 -250803
416837 806690
-376438 -731937
875052 142340
365271 -300877
-354407 -846789
221867 40723
-378271 -736607
882374 232271
-705107 840092
-41923 113949
-714497 829046
-380744 -750401
883237 230863
857302 150848
-380701 -749909
414760 794313
-715253 828703
-796286 696367
3402 94579
-384011 -308987
226551 430924
-700605 -162771
505694 793805
-369977 -793869
-368667 -784837
438405 -174246
213075 468205
-361020 -852463
-313335 -705479
809581 933977
717367 -650499
-35631 -647460
-120991 702626
61076 631635
-457725 -264454
-24292 646711
-120983 702680
-348569 -307496
-7992 -422967
561892 878836
-467753 -326231
-716150 -2918
888070 77134
361843 -792713
-14333 -922350
-731896 816645
361860 -792722
-166286 628865
798250 120211
454355 -155863
-754766 218178
876648 244902
961816 168263
219343 471855
622094 -609408
-688856 -718323
-369706 -864810
-738524 775124
-467837 -326212
-716186 -2885
463969 -136893
248155 -932253
-218250 -625263
-850766 852274
469312 -324987
248173 -932238
-738506 775189
-10517 9308
436514 -510601
249345 80834
852082 311789
-348603 -307578
-669214 -624149
973731 268430
-402458 -220342
9825 -406322
561850 878841
-716377 828211
877737 241750
-467796 -326225
-754782 218118
209872 345117
-642063 -339517
-305870 -708932
1840 -434419
9891 -406286
-669254 -624126
64830 -216459
-167147 -386855
-305850 -708950
-24300 646689
-537978 -787632
103370 -83008
-466311 -370587
-132901 -299994
-830424 -102803
-125593 -653619
615628 -261763
603977 -543711
-549606 -369985
-579940 219390
-88126 350601
147787 862591
802555 -696731
339101 -421987
-707262 -121151
141422 -440910
-484833 586245
-464204 242349
-235879 -304070
-555070 -986133
355971 -235735
-839987 202270
69633 183184
299193 -201744
992672 -573768
-311794 -568183
-46387 -96947
-699761 -801719
-705756 738986
-958975 937586
834386 597334
-563291 -849850
784612 -336050
36627 777065
919740 987674
819709 -390644
-716412 82380
200 194 30000
207543 18138
233654 136908
700845 -843115
765038 -961705
480771 -367522
784833 -913671
931941 -853932
718884 -558630
197457 373259
426012 6606
359594 164931
795933 -587514
362999 173610
635496 -231358
517028 -17575
653370 -224637
779784 -468309
814878 -651810
970226 -830284
897312 -690219
653588 -217777
955760 -771531
974025 -634569
833904 -438723
840132 -544713
629888 -166431
858354 -470839
935450 -540316
603797 -119604
950379 -360025
238158 314526
831929 -152893
798450 -132585
300845 259266
850608 -229428
917823 -112293
459771 152541
946245 -27208
842541 19346
840476 102881
520671 155247
808782 108831
300603 525933
463320 243794
456810 203795
191918 595338
169068 697877
359355 543777
411795 496899
320787 604467
45575 786060
289278 727002
591312 361008
584729 489116
722469 199527
628284 414222
739202 167673
634143 455880
733049 246927
873015 307808
682076 435915
870185 965925
-94297 956462
436593 910376
700368 638721
609392 718691
144146 800510
-143397 970004
548522 -329980
637440 -520711
327218 -18397
229770 268362
-49164 35565
86213 165684
158136 304175
-189556 938535
-231907 581063
-9534 552297
-91617 327012
-222414 512970
-373383 465476
-356590 720675
-361731 973368
-375601 899948
-625957 699477
-440020 937113
-518292 845121
-414099 980436
-576118 875595
-638299 999017
-684039 654096
-826881 155622
-809461 467043
-880236 546009
-912279 313566
-884947 967500
-993916 -693036
-631917 801825
-735141 189092
-868516 -544512
-718992 -537354
-588051 -746089
-789456 -843849
-513055 -713775
-400242 -662052
-598095 -636973
-510403 -630891
-702727 -46776
-577570 -384910
-678511 -101754
-474375 -467385
-589773 143481
-543681 7350
-541185 96155
-520711 -102564
-513744 -140671
-435454 -21055
-410877 199299
-449778 -169941
-423496 -23281
-197725 55179
-245367 -14017
-58090 191601
-319429 56066
-353919 28460
-333525 78227
-324169 88014
-615537 506076
-477300 343281
-532644 424395
-415233 261063
-407484 431876
-582798 533420
-48504 307917
-292914 88875
-124758 161750
91545 396260
36935 296466
75671 231596
88362 196164
-31327 109965
-94003 103260
-124489 100263
-212682 -16560
-21330 12759
-285891 -125100
-168555 -51055
-403410 -41547
-276913 -203902
-337546 -186132
-318288 -193254
-411088 -350604
-445227 -224622
-469440 -605890
-269928 -340470
-24865 -30415
-391605 -393117
-266718 -221542
4004 24245
180116 -704985
176894 -569028
351146 -716994
-346248 -683835
-27265 -697863
52008 -246457
-39523 -435177
-539140 -763260
-452025 -916500
-607395 -890565
-692691 -870573
-702645 -977017
-697500 -952023
-377514 -974385
-494209 -820137
-132516 -929151
-362922 -952254
-103074 -953344
-280929 -764581
276836 -974586
-61863 -835881
-249394 -766014
-183984 -779104
289842 -948208
239603 -729225
445134 -751620
447665 -712860
355829 -613416
120710 -169576
610556 -983100
465681 -692902
289730 -246001
521561 -798108
557025 -787642
639708 -960199
427928 -318969
649748 -791367
438624 -298060
400233 -277725
24560 -26462
22102 17035
427928 -318969
355829 -613416
-826881 155622
355829 -613416
-391605 -393117
120710 -169576
456810 203795
427928 -318969
-589773 143481
-410877 199299
237470 -854059
-78794 674132
-104128 -664458
-267195 -167623
201590 -180949
-195946 86318
43757 388693
74113 731291
-522110 -684927
88585 328385
-193005 -114103
-607911 872099
-399059 16968
-831108 -506237
-595505 12209
-397401 17519
822785 -91977
-198983 427599
596036 -65727
84192 320353
-215952 -742148
-68104 75890
391849 -307208
-281593 -630014
107990 272697
-381096 117230
377238 729158
940755 -657213
389577 -715446
287517 400494
-459299 373760
-185390 -748240
356891 692090
710811 380528
775857 298238
-634274 -119619
348299 -279071
-74277 590918
-318575 -101633
303706 -363359
22273 47989
-561467 849485
-286147 -735065
723111 658271
398141 -322008
261199 -255105
723790 657456
90823 -171988
-617367 -614005
-422760 -378225
265139 -228927
-381889 39270
-611395 823665
682352 614741
-705590 184020
841898 -181170
-845101 131789
-614696 671671
-602247 -666662
688389 611219
-355187 -712467
498831 175797
-383569 23895
-440665 202687
18461 50499
-700391 -513817
93485 -182092
-602440 861217
-525615 -686556
-383803 26361
-530265 454254
172253 -539392
260127 -241474
458100 931285
-90999 73439
329477 -627721
-585538 847129
-79102 35562
-608814 -608960
34235 813829
8635 514523
542241 -760733
-298862 -788675
817829 -179312
-108464 71698
-79130 34255
174036 619487
-614250 -919760
-371812 52439
666838 -527009
-826493 125600
-621283 898713
-621332 898677
-111940 79207
64994 411721
-676143 -131694
-260866 -175698
271721 -221987
-195659 85092
-720404 -507419
355166 -746640
-311918 -110167
-550949 -603612
171010 -539612
-13269 48736
942734 -642379
261843 -257000
-575303 -709970
-697189 -125244
-66840 890053
-661679 806018
409990 -343034
-720715 -70841
454879 233784
-60981 280591
-384579 -422269
-279092 -770299
810715 313384
-576774 -658082
-361418 89068
885285 -840503
-607647 119449
-388308 127459
99610 348529
-91119 73399
-532542 -933511
222941 389073
-430725 176786
538805 -761746
565827 -37121
-53944 342770
-607236 676112
364097 -642282
-260869 -175715
-592575 -864477
-550445 860042
613396 498217
8609 514503
-928039 288024
271796 -270016
466140 915582
24780 2637
-361472 89122
-195619 85069
-606501 574301
74331 -536819
-847178 907238
738317 -511787
209754 -891053
519766 -695020
945450 -773484
288367 -943876
185784 -346278
-16067 289387
572732 720305
976382 -125216
-952796 224449
907129 -188800
-528192 -583013
704007 269133
874554 498921
155503 773535
-319128 -807621
-735428 610670
-425251 753775
305786 443776
287627 -736688
59478 -795636
-562164 -866588
229231 856144
761511 -458073
-846122 -790031
79721 945216
-519399 -258130
50959 -246977
736382 208931
288383 522900
-849861 86012
919340 -118354
-726676 75148
-253052 731663
911975 -254885
-217044 627399
923724 -144132
200 191 1000
207543 18138
233654 136908
700845 -843115
765038 -961705
480771 -367522
784833 -913671
931941 -853932
718884 -558630
197457 373259
426012 6606
359594 164931
795933 -587514
362999 173610
635496 -231358
517028 -17575
653370 -224637
779784 -468309
814878 -651810
970226 -830284
897312 -690219
653588 -217777
955760 -771531
974025 -634569
833904 -438723
840132 -544713
629888 -166431
858354 -470839
935450 -540316
603797 -119604
950379 -360025
238158 314526
831929 -152893
798450 -132585
300845 259266
850608 -229428
917823 -112293
459771 152541
946245 -27208
842541 19346
840476 102881
520671 155247
808782 108831
300603 525933
463320 243794
456810 203795
191918 595338
169068 697877
359355 543777
411795 496899
320787 604467
45575 786060
289278 727002
591312 361008
584729 489116
722469 199527
628284 414222
739202 167673
634143 455880
733049 246927
873015 307808
682076 435915
870185 965925
-94297 956462
436593 910376
700368 638721
609392 718691
144146 800510
-143397 970004
548522 -329980
637440 -520711
327218 -18397
229770 268362
-49164 35565
86213 165684
158136 304175
-189556 938535
-231907 581063
-9534 552297
-91617 327012
-222414 512970
-373383 465476
-356590 720675
-361731 973368
-375601 899948
-625957 699477
-440020 937113
-518292 845121
-414099 980436
-576118 875595
-638299 999017
-684039 654096
-826881 155622
-809461 467043
-880236 546009
-912279 313566
-884947 967500
-993916 -693036
-631917 801825
-735141 189092
-868516 -544512
-718992 -537354
-588051 -746089
-789456 -843849
-513055 -713775
-400242 -662052
-598095 -636973
-510403 -630891
-702727 -46776
-577570 -384910
-678511 -101754
-474375 -467385
-589773 143481
-543681 7350
-541185 96155
-520711 -102564
-513744 -140671
-435454 -21055
-410877 199299
-449778 -169941
-423496 -23281
-197725 55179
-245367 -14017
-58090 191601
-319429 56066
-353919 28460
-333525 78227
-324169 88014
-615537 506076
-477300 343281
-532644 424395
-415233 261063
-407484 431876
-582798 533420
-48504 307917
-292914 88875
-124758 161750
91545 396260
36935 296466
75671 231596
88362 196164
-31327 109965
-94003 103260
-124489 100263
-212682 -16560
-21330 12759
-285891 -125100
-168555 -51055
-403410 -41547
-276913 -203902
-337546 -186132
-318288 -193254
-411088 -350604
-445227 -224622
-469440 -605890
-269928 -340470
-24865 -30415
-391605 -393117
-266718 -221542
4004 24245
180116 -704985
176894 -569028
351146 -716994
-346248 -683835
-27265 -697863
52008 -246457
-39523 -435177
-539140 -763260
-452025 -916500
-607395 -890565
-692691 -870573
-702645 -977017
-697500 -952023
-377514 -974385
-494209 -820137
-132516 -929151
-362922 -952254
-103074 -953344
-280929 -764581
276836 -974586
-61863 -835881
-249394 -766014
-183984 -779104
289842 -948208
239603 -729225
445134 -751620
447665 -712860
355829 -613416
120710 -169576
610556 -983100
465681 -692902
289730 -246001
521561 -798108
557025 -787642
639708 -960199
427928 -318969
649748 -791367
438624 -298060
400233 -277725
24560 -26462
22102 17035
-353919 28460
400233 -277725
603797 -119604
-375601 899948
480771 -367522
-49164 35565
-276913 -203902
456810 203795
362999 173610
-588051 -746089
-699948 -958872
272870 138437
874520 3895
227736 -373696
-548674 892166
544957 -549054
-361305 905656
-97145 941580
-533870 411427
590108 365444
-678175 521314
563205 -890445
522037 156031
-839426 -50832
431014 -580064
-338015 69770
23261 -21198
424600 -291682
36896 -107855
22051 -46287
-519153 -105599
149470 18781
-53100 310911
-676859 -113863
225452 743453
-671935 -111557
3781 -347970
-238849 -770980
-45343 10075
-900658 615246
10824 877985
356129 -615213
283551 -658347
738564 396832
-156899 -952158
291954 -665426
-170450 -66062
682235 211431
422642 -687211
-30378 109473
-734155 188944
519682 155308
196646 373732
797852 -133380
-599061 -636901
-827848 155635
289584 727893
-267443 -220925
557809 -787092
-827081 154684
-93906 102277
-334249 78809
362088 173207
-47527 307722
237434 313881
23698 -26906
76523 232056
119812 -169915
-49947 36128
428108 -318043
-424427 -23083
-281616 -765214
-532120 425237
-280788 -763593
-196828 54765
88966 195385
557889 -787155
-451301 -917145
629205 -165745
464183 244287
557283 -786676
840630 -545565
628964 -166787
360005 544474
516069 -17582
44648 785899
-678780 -100804
-49984 36109
360019 544515
-626902 699205
234500 137299
636646 -520094
191135 594796
229262 266694
-810463 466699
178895 -695663
-392234 -392308
797981 -133350
-452252 -917472
-577008 875148
-49050 308774
779176 -467597
177501 -568308
-542175 96196
585597 489580
289122 -245215
351080 -717938
-494282 -819191
636611 -521217
-616373 505553
-517554 844536
522111 -796907
636574 -520117
-734172 188987
701352 638894
-575589 874748
-171792 -51893
-912436 314605
598339 -960844
-250375 -766169
-476508 -461522
49778 -253334
585611 489587
-699941 -958990
859089 -470171
-697378 -951074
-38548 -435327
-379639 -973232
363818 174147
-912921 314373
-418363 976354
-702630 -45793
-133401 -929627
590159 363993
-582412 534336
719888 -558591
362402 172809
-94980 102793
178869 -695641
120960 -170526
728846 192977
516725 -16677
-325387 88156
-183602 -778224
360091 544421
-38635 -435625
-608305 -890980
351887 -717563
-533093 423510
444249 -750503
516674 -16659
309867 -694312
159162 -492638
979015 -492824
-691915 792311
930937 679983
-851424 795340
829419 986965
-839106 -434528
535001 -198699
516751 -781664
612960 -54786
628786 88344
-518622 -809619
-81352 -162278
418455 -433206
-562613 192253
-600905 772552
409141 -438768
680673 267522
-923589 193465
436063 121978
667885 -813227
198058 -794579
-27971 64972
-263808 -759770
767473 689886
721904 -73616
-149639 -741814
-388503 720104
289015 500557
284654 764110
631662 23677
212042 -554602
-854129 675570
-336087 278461
-251027 -431643
-434776 145965
450105 -454434
-383213 -611604
-171846 71801
200 193 1000
384246 119904
515880 90069
537210 144074
706626 62156
434349 603996
378143 465476
443127 317247
164931 198306
533444 341568
239054 104826
37271 27579
161283 99692
-13462 22109
497481 748134
753303 786567
441458 667358
736625 725172
466416 609863
638721 590361
679778 436017
624801 526664
704712 185529
734396 277146
935490 243168
939759 384822
807614 675596
701352 472917
876224 883845
480144 907493
828456 935171
-193798 896931
254052 899100
727788 804393
130080 712203
308942 622047
372030 700368
318045 542325
283419 496934
-29979 123600
120977 400221
94896 468264
107018 429093
26073 596525
79415 769521
-276354 919499
264329 928833
300342 971124
-237303 945582
-657322 987843
-799296 971216
-789499 891963
-899541 942335
-708753 799826
-734919 774978
-668956 806115
-638475 769602
-275700 882528
-408987 821457
-169864 707175
-9078 -29060
-55669 -19900
-219528 -465498
-69963 143348
-260976 -465639
-376251 -398583
-145705 62406
-239136 -42372
-186366 541491
-212133 665400
-315202 774482
-224356 375938
-345982 39641
-224734 168485
-375324 -85425
-274362 -171835
-437685 -77860
-395475 447035
-684390 753734
-586161 444051
-543103 513426
-615984 381965
-491466 132390
-476469 70988
-578961 274596
-500439 -66852
-559600 65379
-533154 -19410
-424957 -390252
-626679 241187
-636081 559436
-984406 995265
-597246 128897
-532144 -117015
-986038 885168
-864180 400233
-821985 408812
-775116 403107
-884514 315969
-831390 343833
-639118 -168136
-622237 76775
-594651 -131193
-622237 -180510
-498261 -270678
-389163 -506449
-508308 -332625
-553482 -313962
-707181 -282265
-943356 268857
-781635 -136269
-692691 -326340
-526600 -431931
-556134 -539788
-709209 -318969
-744378 -334027
-843159 -342837
-715206 -285891
-827775 -306513
-794791 -256978
-985182 -188832
-958491 -343452
-699903 -487326
-718350 -562110
-8194 -521982
-443491 -575238
-268399 -554601
-165577 -693700
22707 -789255
-525528 -552159
10023 -787219
-129843 -786045
21078 -841767
-925153 -510000
-246795 -752367
102093 -915621
-9100 -876364
-483768 -790104
-649476 -624648
-564828 -813090
-868750 -540624
-763948 -785037
-309300 -868470
57921 -940629
-321462 -929610
739218 -968544
716526 -833560
442205 -746742
533444 -678790
537522 -661146
380597 -648522
296397 -790488
299244 -865041
287135 -730437
98382 -877693
-70327 -626127
132899 -827113
222827 -628371
564717 -634686
310167 -492186
722459 -435072
718647 -459271
711738 -598044
780575 -511662
901718 -475473
680168 -655374
453183 -502206
752112 -713868
765408 -603357
946061 -534876
940011 -559765
922103 -645891
965895 -477708
667358 -110068
570129 -74418
912114 -27481
974648 76145
647175 197607
732885 62150
156702 14232
376536 -29325
-8830 -143853
504744 -24099
404766 -180811
522561 -224622
509904 -51165
715185 -231552
162108 -310446
362204 -238245
197924 -207900
-133188 -481201
668931 -240079
294224 -440863
-3441 -499524
619170 -383619
41535 -530362
-157915 -494508
43713 -18615
-181855 -511209
3634 -22361
22128 4719
-498261 -270678
-181855 -511209
37271 27579
-500439 -66852
946061 -534876
254052 899100
-29979 123600
504744 -24099
-744378 -334027
-526600 -431931
797305 -505645
338957 267003
-783391 -106938
-655422 665685
953563 82959
-413793 962364
-498755 -162512
931863 -603856
-744134 -214150
116495 296558
-195586 450375
285831 -732686
701222 779752
-199917 -381488
-107905 -733800
715611 59718
445918 -742755
-523772 39023
-627806 10176
-49375 -938503
28166 606660
-649319 -352739
453024 -35189
519411 -194936
-252984 505985
671677 -820381
720791 -864786
-929 26580
-213447 -548091
-152271 -122260
575044 915990
407224 115710
326585 645530
-196537 585557
-309124 -726952
348794 538528
-832968 407566
-476565 75517
-533651 4937
-798128 969813
37016 26613
-497515 -270023
309632 -493015
441508 -746062
-843590 -341968
239471 103944
36570 26944
-14333 22584
-220435 -465426
36287 27589
728425 805126
294636 -441748
728599 803808
-475565 70569
298417 -865590
36525 28237
-542190 513027
284185 496300
-424501 -391123
-181229 -511936
-158804 -494176
-831373 344824
222362 -627540
496687 748734
-844095 -342624
-276905 918691
441316 -746402
-707972 799211
-158421 -495368
441543 -747452
-261465 -466510
-182845 -511144
-237352 944586
-556542 -540627
-274760 882319
508948 -51279
902177 -474630
569671 -73562
23623 -789542
-158826 -494622
-821843 409790
-543851 514088
-798196 970314
533083 342489
-527503 -432255
-238673 -43255
-220479 -465194
-12520 22378
286299 -732346
406258 -180318
297336 -790812
-276893 918708
-182491 -510436
-789937 891090
-657261 986886
119920 400343
101584 -914691
-745068 -333280
-8099 -29234
3084 -21512
-821403 409637
163899 13839
-700191 -488232
309987 -491247
-158477 -495308
-132317 898173
-774807 402217
-275362 919692
727940 803406
-557078 -540178
-499079 -271243
-7509 -521254
-261480 -466502
-239732 -41568
294755 -440016
98260 -878657
751326 -712063
-706733 -283216
911483 -26560
669217 -239133
-626202 242053
384931 120643
15546 -82497
284175 496382
751343 -712091
-247378 -751542
-497243 -270901
133320 711674
973191 75689
521504 -223121
-274800 -172621
-7950 -522872
911523 -26548
57057 -940084
-276743 918580
780787 932408
-237257 944586
715633 -834302
406208 -180380
-149915 56094
25481 595682
-70897 -626886
-700335 -488221
-743159 -100680
164013 816130
-61881 686094
-470250 -274061
84769 -636551
-204874 -296756
892882 133794
-639896 205108
126114 -683662
136832 579022
-372403 -721313
-346612 -61624
851504 -155931
551425 -451993
-862818 867817
-207520 490475
-545643 434493
-884769 518779
-932577 -266103
671793 536944
-429463 907401
-189544 -404882
-145447 -153075
227935 494095
336826 -932567
21607 2804
-591305 627743
727229 538560
546149 -811825
-830177 135230
-463325 394231
114126 258230
-566292 430800
-722698 184996
954973 -871383
-896099 -1544
-117203 -799547
-275564 -2221
-127402 526369
112969 243802
200 188 80000
384246 119904
515880 90069
537210 144074
706626 62156
434349 603996
378143 465476
443127 317247
164931 198306
533444 341568
239054 104826
37271 27579
161283 99692
-13462 22109
497481 748134
753303 786567
441458 667358
736625 725172
466416 609863
638721 590361
679778 436017
624801 526664
704712 185529
734396 277146
935490 243168
939759 384822
807614 675596
701352 472917
876224 883845
480144 907493
828456 935171
-193798 896931
254052 899100
727788 804393
130080 712203
308942 622047
372030 700368
318045 542325
283419 496934
-29979 123600
120977 400221
94896 468264
107018 429093
26073 596525
79415 769521
-276354 919499
264329 928833
300342 971124
-237303 945582
-657322 987843
-799296 971216
-789499 891963
-899541 942335
-708753 799826
-734919 774978
-668956 806115
-638475 769602
-275700 882528
-408987 821457
-169864 707175
-9078 -29060
-55669 -19900
-219528 -465498
-69963 143348
-260976 -465639
-376251 -398583
-145705 62406
-239136 -42372
-186366 541491
-212133 665400
-315202 774482
-224356 375938
-345982 39641
-224734 168485
-375324 -85425
-274362 -171835
-437685 -77860
-395475 447035
-684390 753734
-586161 444051
-543103 513426
-615984 381965
-491466 132390
-476469 70988
-578961 274596
-500439 -66852
-559600 65379
-533154 -19410
-424957 -390252
-626679 241187
-636081 559436
-984406 995265
-597246 128897
-532144 -117015
-986038 885168
-864180 400233
-821985 408812
-775116 403107
-884514 315969
-831390 343833
-639118 -168136
-622237 76775
-594651 -131193
-622237 -180510
-498261 -270678
-389163 -506449
-508308 -332625
-553482 -313962
-707181 -282265
-943356 268857
-781635 -136269
-692691 -326340
-526600 -431931
-556134 -539788
-709209 -318969
-744378 -334027
-843159 -342837
-715206 -285891
-827775 -306513
-794791 -256978
-985182 -188832
-958491 -343452
-699903 -487326
-718350 -562110
-8194 -521982
-443491 -575238
-268399 -554601
-165577 -693700
22707 -789255
-525528 -552159
10023 -787219
-129843 -786045
21078 -841767
-925153 -510000
-246795 -752367
102093 -915621
-9100 -876364
-483768 -790104
-649476 -624648
-564828 -813090
-868750 -540624
-763948 -785037
-309300 -868470
57921 -940629
-321462 -929610
739218 -968544
716526 -833560
442205 -746742
533444 -678790
537522 -661146
380597 -648522
296397 -790488
299244 -865041
287135 -730437
98382 -877693
-70327 -626127
132899 -827113
222827 -628371
564717 -634686
310167 -492186
722459 -435072
718647 -459271
711738 -598044
780575 -511662
901718 -475473
680168 -655374
453183 -502206
752112 -713868
765408 -603357
946061 -534876
940011 -559765
922103 -645891
965895 -477708
667358 -110068
570129 -74418
912114 -27481
974648 76145
647175 197607
732885 62150
156702 14232
376536 -29325
-8830 -143853
504744 -24099
404766 -180811
522561 -224622
509904 -51165
715185 -231552
162108 -310446
362204 -238245
197924 -207900
-133188 -481201
668931 -240079
294224 -440863
-3441 -499524
619170 -383619
41535 -530362
-157915 -494508
43713 -18615
-181855 -511209
3634 -22361
22128 4719
26073 596525
537210 144074
222827 -628371
222827 -628371
734396 277146
-668956 806115
619170 -383619
299244 -865041
734396 277146
442205 -746742
826697 45707
710784 -356017
121267 -658800
-70882 628819
-508122 344927
-396732 -193668
21923 385687
-35500 466873
810362 -412983
796964 347683
-484012 343566
-44236 506656
690071 -319456
-491379 432184
465440 183523
853127 338176
-41244 492901
732818 -317543
-482635 361094
846076 339404
824603 46473
-673697 905403
27059 -609021
105135 -596723
721782 -311420
688607 -320238
818347 40358
746825 356468
826111 342767
-486164 426702
530565 234351
465737 183460
127407 -645245
-500129 328908
-387530 -233042
-40607 490120
-373498 -207069
826512 41512
834074 424080
465993 184685
767166 427463
726766 -310693
760613 419191
379150 -867361
470027 187372
747165 356120
-619870 869240
755408 410160
401070 -815301
379201 -863448
-51443 616225
-710012 900962
48805 -609964
726820 -310698
-612231 862515
-53361 605862
151042 -593061
693933 -355287
749122 396155
-53317 605731
745969 391160
59503 -608314
524189 222988
810844 44275
747262 356083
-53668 590253
747334 356042
746901 356163
-53645 589823
-109121 759185
761776 420488
689473 -345458
747083 356067
-683541 884758
-710032 901009
758293 416749
378856 -872183
51468 -609739
-100313 746697
689185 -344964
609943 -883805
457299 148114
642465 -436063
858350 337311
696533 -403987
26010 -608836
107413 -689388
726216 -17554
858334 337383
-656652 907378
-611576 861855
796711 226923
116963 -503627
-611544 861750
652079 -473334
635548 427343
-511866 892781
27375 -609051
-6475 333817
-6414 333768
793557 -247467
802500 493517
675855 -327089
600568 425268
812085 51108
500878 -801117
-589473 815231
802413 493520
-494746 435725
-399429 -192135
27402 -609075
793544 -247420
379129 -862054
-370737 -208679
-478007 418062
234465 -707525
-6434 333774
338989 -934442
31061 402423
116801 -557671
513335 67696
812104 51132
96296 558208
859274 368643
508207 218686
-511867 892846
-747788 819799
-611512 861781
699156 -314634
508240 218674
642465 -436066
-589459 815195
652128 -473231
535693 224015
377265 -810929
696535 -403980
609955 -883731
383252 -800850
802454 493549
-709883 884276
96272 558260
711498 -355879
31099 402422
-21810 532428
815061 452831
-858830 -256381
-18855 486820
-502950 407834
914458 -358055
-748894 -446454
-171513 -65139
610658 162059
815940 170851
95376 826825
-480330 307310
23650 449739
-200430 275969
581781 279309
-971106 652456
622159 -763727
-502314 411443
-186723 -355292
433413 -578879
902682 -133603
-735569 -293874
508704 -587275
918622 219989
296086 29079
242300 -667202
351253 527852
879963 744833
774374 205398
436604 94014
334170 695443
-65458 562284
-480676 998069
26036 194029
76488 -937489
200 187 70000
290300 170277
240567 128495
339132 87891
177572 360968
480771 164259
512115 17961
405629 5648
333267 87849
346164 -61209
737469 -277905
699884 -331989
552159 -233661
67764 13977
51210 -31561
624573 -303696
365547 -415143
596037 -320155
382416 -471408
455414 -430867
473946 -409309
653883 -416259
386861 -686826
302207 -630090
499455 -483183
231969 -547116
359991 -462684
180767 -125119
150273 -175996
209805 -268758
179454 -388545
123036 -152199
141755 -298588
99062 -497113
202428 -525009
256641 -768912
251648 -695269
250494 -690226
612459 -842371
421860 -700582
683351 -698725
699438 -490323
689526 -884157
676818 -936021
392958 -864924
525243 -959902
-388476 -955332
-438108 -971884
390711 -976533
801186 -979917
693099 -995157
871125 -976128
759846 -850860
708146 -609412
872015 -879505
793659 -730546
760443 -619276
969684 175881
573599 -655938
750314 -275953
648758 232100
754257 -223441
799179 -44460
804749 -13198
808631 -82713
938658 438968
704421 266237
667319 308136
632244 567516
780816 348275
969903 701352
583767 549486
528828 636648
768735 856950
535035 925568
630807 884433
542013 756696
390786 814562
447321 929745
411498 872459
-178797 681564
201551 756948
345065 768263
-174381 404066
-39859 161954
-39855 483332
275720 515897
275772 593223
386037 648459
506697 561588
600831 314526
366792 489444
601911 159195
329117 365297
39803 385557
186723 228216
-16896 374436
-25497 147834
27498 219552
-25912 10399
-380412 606561
-429813 564473
-630717 211038
-532794 420296
-285841 856994
-516154 517824
-629634 370572
-361113 813000
-436105 899132
-877693 975771
-858691 713672
-904056 951999
-902670 350763
-928116 958452
-981504 418725
-992079 354899
-996031 420990
-962779 -322713
-998704 -78850
-975351 -968067
-895689 67130
-673048 771515
-900702 204189
-977697 23457
-839155 627006
-944391 158153
-796536 661932
-735784 903327
-495093 801530
-868233 141933
-522588 748424
-599928 511052
-768390 141603
-530497 425349
-684996 120795
-734535 128082
-868759 -119265
-882736 -140445
-326406 413235
-415062 112476
-287392 101817
-17568 -11999
-415186 57999
-346309 -402864
-277438 -753876
-421600 -266187
-507522 30368
-378760 -333972
-392559 -236118
-449187 216686
-529147 171681
-561831 174383
-445782 -581580
-586197 33750
-685560 -71442
-583635 -29325
-479733 -620580
-569850 -238368
-565582 -145086
-711631 -486925
-841506 -366565
-652176 -3640
-878326 -431812
-717189 -500466
-740182 -494997
-767730 -778215
-910305 -999271
-622989 -560431
-744786 -579958
-538977 -371151
-689583 -851595
-360247 -785769
-382786 -682785
-268338 -864108
-62952 -741285
-185217 -870766
-587287 -881643
-637632 -929169
166106 -933535
8609 -919668
403212 -882976
-167613 -898876
98360 -874684
-224257 -547398
-169080 -567291
-4062 -742210
-201508 -498612
265575 -860932
229221 -720024
178235 -731050
-324328 -350263
205320 -580096
14829 -486891
-324240 22188
23916 -375039
-120474 -94230
-124086 -47458
68472 -293785
105419 -69963
9554 -20310
22141 14944
202428 -525009
804749 -13198
-382786 -682785
528828 636648
601911 159195
528828 636648
27498 219552
202428 -525009
186723 228216
202428 -525009
248146 -402435
199051 578278
198676 578317
571131 76613
752539 94165
-429212 423894
202297 578691
-431370 420089
-485361 -739421
15279 -112096
205816 579292
-210260 -323457
641692 -89402
-405654 465362
-410491 456833
453790 715517
-203870 172718
-548199 -634925
623768 92
487787 693987
585772 -113893
-446964 -716696
-173929 -698154
491771 697643
12527 -100662
-395090 483930
-405554 465582
-269853 283706
804588 190421
487720 693860
209066 -454318
260142 -423851
-548082 -635633
-586696 -759660
468395 675356
93812 137330
568539 88597
-301618 -228620
-376665 463364
-446110 -720691
-452739 -685290
765003 44416
764536 44078
148688 169469
146092 171222
206355 -453163
424358 707021
421769 708645
222136 -457897
-207848 -746336
555488 -36982
223318 -458200
398416 717289
-522230 -676180
766002 45070
220841 -457481
732024 201986
-451445 -696211
-472452 -690148
730206 201176
95744 204087
-274581 170634
148228 169766
228573 -460091
-452604 -686583
-279295 171329
146732 170788
-208217 -743476
232069 -434698
743317 208065
95852 204592
398325 722854
729234 200833
734571 203118
-208651 -741074
406015 715480
600988 89216
764498 44045
-478615 -690543
764442 43998
-376180 462435
745962 209899
764188 43815
14383 150782
268323 -439252
-376168 462482
426964 705202
233419 -462278
249181 -472911
2177 -95305
339349 596323
481487 688193
728011 200367
635613 279250
405942 733750
96308 206949
233473 -462271
-281601 171544
247296 -405755
-284402 308154
494276 700029
635629 279237
14442 150810
-281508 171563
-207853 -746399
28008 -108689
-284400 308152
117446 238354
768757 46823
-451148 -697732
76147 127123
-179929 132487
501519 -51233
-548355 -634894
-165127 -343043
25326 -125068
-443860 -731106
76126 127137
-376178 462459
-165100 -343061
256712 226928
807206 56759
654136 -151679
-156631 -715715
818243 566535
872229 -31834
-392008 489292
654034 -151744
268356 -439317
-315617 37758
195676 577990
-411425 -618846
-284376 308120
204666 -323244
773782 483426
727972 200320
249183 -472913
580560 32621
481412 -56093
-179927 132463
-315646 37800
481353 -56054
501501 -51223
-392089 489208
458889 -723018
510086 -44603
652354 690051
491410 -210806
460564 -39290
-251730 298202
407306 -661922
13753 -200819
122974 -375604
-240618 -470877
894984 -61078
-245175 965702
850205 768494
-424450 267853
-223770 549086
-45115 309139
288500 -881277
-756976 941249
861231 -816
-636747 761684
476623 18175
-310010 -336922
-462866 -476749
190740 956068
478909 527358
-287955 315639
-714431 -114898
-217206 646136
712806 326583
876978 -477269
530967 -15800
-579195 -766567
223271 562680
200 188 20000
-55665 353610
-95883 490124
132390 -66873
58841 248211
516981 -547989
507597 -169864
509958 -216196
522693 -268425
681047 -280795
494694 -143556
266337 -45390
313914 -52921
223239 1950
194649 346206
384276 367670
369288 321381
762722 -204108
497747 152082
716706 205593
526883 280884
795998 346407
792272 147546
660326 294219
781695 134187
729152 16989
635037 115749
967248 -467253
425565 138453
818115 -313680
220784 302067
757935 -265663
523128 -448338
539876 -635133
661340 -433020
775490 -513711
798537 -661153
977876 -902721
980639 -346900
957201 303654
951120 430545
944766 954404
803373 830193
870873 685869
916716 390507
931212 747477
949215 215642
889359 316040
828011 770717
893838 186063
950049 -427980
868779 -5544
843707 283599
811988 617984
752871 407130
651480 655842
523830 593939
560778 640760
387771 620289
811985 943566
-30475 743843
1323 760029
359589 890568
477693 954854
98589 907458
-19305 783276
82632 943062
-511360 999291
-840654 992622
-365014 934530
246927 568586
-9246 644084
-359530 856254
-624009 923678
-347688 741771
-557287 820788
623196 375644
44679 581208
572516 365612
141459 446657
182634 390251
-48630 547248
161232 147908
4745 353019
-85573 552996
-353142 572898
-88843 355029
-204238 338403
-182617 288216
-599103 824565
-241785 61401
-672553 892728
-666570 950379
-740776 801813
-677520 771039
-603186 737570
-665640 604776
-615127 467628
-750276 736085
-816993 456249
-776844 475689
-914998 66083
-803569 665697
-773208 963992
-976591 840183
-896481 407024
-986440 783081
-970759 559389
-977863 328731
-951972 -48477
-951412 471132
-916308 21128
-665139 420710
-831154 83358
-602166 425622
-540270 513545
-750136 -104316
-732253 142770
-935146 -152608
-506058 -650916
-357043 -659778
-414300 -571303
-418122 -449415
-640468 -447121
-424422 -189061
-735804 -110400
-516357 223452
-456075 -18321
-612033 -55830
-263709 -71878
-358398 -46182
-438913 19701
-519856 527696
-441145 320301
-374940 174359
-371265 -5676
-367173 191918
-149344 -121380
-351117 436872
-99402 153168
-126537 290028
-45681 -13638
-838 5113
-167172 -155118
-221112 -214761
-319771 -222831
-375637 -106230
-464997 -368200
-391041 -424957
-344464 -655774
-137977 -770634
-678640 -627201
-322671 -740992
-627570 -711273
-836064 -779521
-691977 -931356
-407824 -845301
-515334 -754495
-326335 -882198
110916 -904002
124032 -857601
-65350 -849220
0 -807529
-416259 -311680
-361599 -276111
-21817 -561999
61521 -670689
-39859 -759807
237681 -850446
157125 -663657
199221 -689601
-265551 -289593
-206871 -235512
260802 -690168
288021 -528996
268563 -457033
453183 -713170
-20586 -30279
139592 -184386
310293 -446403
476072 -750087
514221 -761014
559727 -751386
-100816 -997975
171018 -946008
351192 -919488
679865 -972982
366792 -917056
698424 -974397
711903 -977136
748340 -941757
720147 -695217
769661 -697720
714989 -653155
610055 -577533
702135 -857742
267023 -291036
62589 -75144
276755 -155956
12413 -5453
22183 23601
-750136 -104316
-265551 -289593
-776844 475689
12413 -5453
182634 390251
623196 375644
752871 407130
893838 186063
-515334 -754495
698424 -974397
4246 -878662
909388 -322128
-564086 639931
-336452 182721
-401628 -278327
-867204 -88958
-98277 427536
199014 366818
572508 -252316
137057 -932148
-610683 116289
-605209 686280
638568 -807704
529053 -198435
488130 -163555
-364372 776682
266224 374417
-312081 147715
177786 -809847
-659700 784919
-434780 -554872
-458346 -39429
-428582 -635513
96099 -882913
660264 -666375
-344931 -845547
255263 -325314
811571 411131
181938 -771430
-103379 940593
-236327 -693041
724057 -452875
-435744 -525478
407752 602516
-674067 19926
144383 578037
-322 -22104
598972 363073
423453 830904
659096 -367891
-535180 -756890
504157 597162
-316999 -760152
-618665 436925
730052 -2945
137161 -662876
-323122 -760969
-234266 42869
938121 199083
588591 353715
507195 605037
167676 -926328
-85253 -851179
-750493 -124295
-942225 488852
-6207 -549506
703129 -877715
-308956 -755545
-770088 -103779
-282728 -279385
77412 -682812
913159 755934
-6911 -548687
819958 -333593
-194868 -219517
-370684 432854
889580 692909
247807 -37907
-71986 -868019
-3684 24826
248754 -459207
-110126 301442
702264 -954771
-443696 -33935
701912 -954780
48953 -60604
-356753 -256711
514747 265066
913696 188269
-4229 24738
-811 372277
-38161 762364
-362588 954381
-436698 -13519
-326704 -642756
913642 188873
543968 -457421
-138490 306053
-192904 -221219
693270 -839814
403285 361471
-795219 483541
763808 -286380
910219 -326743
732988 406280
31690 -10853
-390167 -46105
958225 197759
-797219 925981
-683841 871043
-669037 789135
182686 370292
528767 -193578
218580 -268964
758289 -503405
519544 262366
9161 784076
958162 -842616
46915 264171
-337787 -231419
-146138 286154
244489 -34266
592545 365321
-138571 273998
-431202 -581994
247450 -649302
958214 197794
495020 -469737
396592 383430
-83270 376293
724916 902373
96013 -883221
403301 361511
-683889 870985
-659762 -441775
-277505 -305637
-700425 -20174
369246 354481
-685965 -908637
-403349 -409171
396600 383444
218532 -268914
641032 628556
-12100 21641
-38653 788283
519555 262332
-496452 -631473
505106 587118
795241 -510627
-386529 186928
801817 130030
202893 285506
374484 612835
-930064 781759
-154577 -271956
949567 -16749
-607597 -98304
760531 238746
512491 -312533
-36580 -726268
-324151 374487
354601 -458130
-273657 -838037
572235 -225454
344914 -96280
-941197 -339
-575008 -761227
386580 -952999
540697 563212
692753 -687736
839067 695875
791494 -431735
613359 748312
554056 -837978
-846070 877081
72638 833473
-787679 457332
866110 113888
983726 -401652
-703690 -87624
441968 -823846
-866376 489400
976808 -973780
-1623 85108
-633467 540920
987820 902795
877792 -466919
467782 -54330
