50
50 200
741503 723210 588352 15 378647 23 17 17 15 21 589094 318760 6 765996 755197 969636 311015 326393 5 5 903534 5 7 6 7 7 3 5 793919 747895 5 4 877847 898431 924606 4 452968 6 7 8 3 87504 4 729074 8 763494 5 5 519564 6
2431779 2431755
2431813 6406936
2397208 2053066
12120621 12579580
816418 2431748
2431783 2431789
12067190 2431767
12067194 2431787
12154711 7371468
7371481 8913323
6467920 2118438
987515 6467918
1995088 3162334
2431765 11614211
2431752 2431740
13800936 2109835
6406936 6467922
6467927 1142807
2431787 8913320
7371500 12067201
7371485 2431819
2431803 12412061
2431806 7371493
2431737 13405854
7371501 7371473
3168773 12883790
2431787 8267365
332482 6467927
2431802 13647291
2431768 7371495
2431796 13647294
7371462 6520355
2243004 12883791
5345797 12067193
2118438 6794176
10077958 2053078
2530266 2431728
7371489 11700033
5940333 2431820
14166866 6467927
2431746 3916825
12412061 3339678
2431752 7376226
9171700 1018214
7371477 2431799
12067203 13647291
4593191 11733641
2431778 11349502
2431791 12067182
12883789 6520355
5877269 12067200
2431815 2431761
1972305 2431774
2431797 12883790
12883794 2431749
2431807 2109835
8134401 2431770
7371466 7371483
2243004 1972305
1018214 8827042
2276482 5775343
5910337 8913316
260868 5775343
12883789 9792887
13647293 13647298
2431792 2276482
13647291 12078238
2431744 91705
8913322 2518068
2431750 12067199
6467926 12067186
7216945 2431813
2431728 1072435
14166864 2431818
12067193 2792039
2431744 12067185
6467927 57868
2053073 2431766
12067194 2431774
2431769 11795301
14166867 6585029
2431788 2431772
6467927 2431816
2431740 7371477
2431784 6520355
2371287 2053069
1980234 6406936
14166863 1993493
6467923 418155
7371487 2431803
7371490 12883790
12067188 4869743
13647297 4593191
997112 7371483
12154711 2431794
1980234 14014135
13647296 9171700
3339679 14166867
12067186 2431785
8913318 2431746
2431766 6682637
260868 12067185
9063080 2053071
7371473 91705
11745114 6364192
7376226 13647297
5345797 2053074
6900688 12883790
12154709 14166866
2370531 796782
2431807 816418
299163 3384693
12067196 2431769
2431795 2431776
8716978 12067193
14166868 1899252
332482 5764803
2431751 424257
6467926 8378121
8267365 2431785
12067181 12067196
2053071 14166868
7371497 4110428
1221176 2792039
14034037 3339679
5775343 6467927
2053069 6585029
12883790 14166863
6622550 2431795
10077958 2431800
6467919 11614210
2431782 2431745
13647291 5672968
2431785 12067203
12120621 10730812
3813070 400814
431479 2431733
13423391 2431753
3155187 11745114
2431803 1929916
7371485 2431749
3813070 1131228
3168773 2431755
12078238 2431775
2518068 6364192
14014135 299163
7371488 12154712
12407000 3140527
10797310 2431762
12883790 3339676
12067204 6900688
10730812 3339676
12085171 4110428
12699212 7371499
2053073 12067200
2431791 7371482
2431761 6306135
2118438 7371468
424257 12106137
2370531 2431819
7371462 8716978
7371474 2831417
4634246 13759538
13759538 2431741
5877269 152686
2431758 11614212
4837045 3339676
1664780 7371490
12067204 2431804
299163 4837045
2431757 435248
9792887 2109835
1213050 2792039
12067193 1570081
6692169 2431760
2431795 400814
2053073 2431753
2431787 10674162
2431813 2053076
12067201 2053079
1570081 7371463
7371496 2431760
12883788 2431751
1317265 7371486
12067195 2053066
400814 2431746
2431737 11700033
3339677 2056796
14166866 9171700
5940333 2431792
3339680 12067189
4110428 2431771
2431801 1191242
7371488 10730812
6067263 2431744
13536891 1477310
12067181 312415
2431780 2431801
2431785 2338167
13423391 6467918
10 200
64 504332 11247 25 659738 23 554273 35 39 26
515650 1729733
99036 47
511161 222364
515659 301877
515645 549779
183820 1729800
1175419 515667
1729742 10
18 1313384
18 1729713
1175412 49
1729776 123162
514597 1729714
515508 1118174
229956 34
1729745 46
290511 514009
11 1729718
47 847637
293616 1729717
506415 1729774
1729714 613243
513074 906644
1729742 504970
27 1729733
514490 1729723
19 472358
1729716 507526
1175421 1729772
515659 1729775
3 433810
847637 1729754
125006 1208517
515665 1147996
512426 1175408
25 510010
1137282 1729801
149377 515668
1729758 52
506415 1375429
515655 23
515508 1729781
1729753 1460308
1532359 514595
514009 1729735
509441 144228
1729714 7
1729753 1729711
16 1362323
515653 513966
510465 1382516
510402 1664863
1175415 515306
1729744 401282
7 1729717
515313 163992
1729764 514805
1585699 1729778
511135 60
31 1244808
514595 1729774
223642 1175418
63 1729752
1519717 32785
1531130 29
27 105191
1532359 508265
1175408 507191
510010 492330
515655 508088
433810 1118174
200712 515661
383709 4
82160 508015
509440 515660
1175415 38
8 229956
507077 515654
383709 512219
506589 1124159
515649 327815
1729774 7
34 290511
514281 1009596
1 507077
514490 84285
321295 1175423
512426 1729792
506415 1729744
1729784 1729753
1729737 504712
515652 508088
1175421 1729740
149377 510179
1491913 1729736
1729770 25
1729751 472358
37 1175408
515668 209215
1729703 906644
727557 1729758
514281 37
1729727 1175420
504402 300871
17 511161
1175421 1137282
1729745 38
9 275944
1175428 102689
1729712 1729801
1382516 243151
1362323 1175420
52 1729735
643367 1175408
513074 252404
1491913 327815
58 492330
416835 1729707
1729796 782966
1729758 1729791
24 1729801
549779 422285
6 1175417
513966 433810
105191 510650
105191 1729722
12 507191
513130 39
19 1729771
1729710 82160
514281 8
125006 506415
508421 42
847637 1175424
1729796 510343
1175411 1729790
416835 510818
727557 1532359
82160 877377
1729789 515661
656033 300871
1224939 514597
1519717 141085
1729777 1664863
1244808 1175422
512219 1729758
1729735 1175420
514009 1224939
4 1729732
1175426 1729743
1729727 727557
1313384 321295
1 1729783
508421 223642
1175410 727557
29 1175420
515653 130801
515653 131288
215746 1729728
48 1208517
727557 515659
105191 23
1729802 509441
38 1460308
1313384 1175426
1175414 1531130
38188 1175422
43 1729716
56 515646
1729778 508015
63 1729799
508265 515655
1729730 1
507383 1729766
1175410 492330
82160 1355460
492330 1188727
163992 507383
42 514285
293616 1729786
322470 1729743
509440 1531130
1729742 877377
510402 1300995
515665 510179
321295 906644
372311 510179
906644 21
20 1491561
1729799 1729759
1729719 95407
1729778 200712
40 1175423
514281 1729747
102689 1244808
44 514281
509440 210037
892410 293616
1729722 10
643367 1175410
100 200
429466 14 942122 11 551416 541796 486966 12 348460 74340 12 14 486270 446295 43869 12 3171 271342 220478 13 192006 729456 1 250983 243323 415692 11070 994532 45318 2 276137 4 122845 1 1 686633 787964 4 1 1 1 644373 355165 1 2 276589 804725 4 992234 51027 553032 322162 703183 3 2 224754 2 4 2 1 487533 2 3 395116 3 497845 468199 190749 3 2 178484 550477 702858 2 795413 436072 444218 2 2 160836 4 4 542530 897890 3 673859 957927 2 657109 536560 314493 4 1 1 229121 1 47278 3 1 4
24417523 931686
24693927 24659082
14529316 24417520
9602054 4353197
1671034 2771013
4542891 3888100
691574 15242144
22909357 2853985
11682910 24352154
14304552 13868315
24417520 429479
8127449 4647176
9602048 12284819
24379517 2409488
22909356 10205381
14529312 4846070
24693357 15016857
14529313 1917650
3374623 1371608
4405029 429473
3516639 3346136
3374621 23333464
4668061 1371609
2812937 4987611
3411126 3374616
3374615 23333464
4353628 4252442
1279026 2951794
17519618 14529316
8072245 1371612
22840623 1711136
691574 12968671
4188619 14529318
373576 3374614
3720912 7124421
429478 11422698
8004603 20550061
13469055 10941952
4353628 5767542
16568771 1180490
1265980 24646647
4345802 3346136
61129 4435024
24510189 7798523
24693926 4846074
5323058 4405029
292158 8004601
3374607 12700516
4351075 182405
11999432 24417520
24693932 4846069
14529319 429469
1371604 19676301
24417523 18696893
5973338 4322383
4846067 4351270
3206751 18696893
19837141 4727522
2149426 1164059
6165045 17841271
14304556 2951798
19676299 2701204
17841271 7728461
3374605 9602052
24417524 19676300
4351270 16676191
7798523 3972366
3374621 18000595
429476 19837144
14034024 4304163
9339658 3228681
3374619 6685854
22909357 19474616
7720707 3374607
3297625 18869460
15016854 4382528
15464403 4351072
15411976 16568774
2462489 16568774
10601595 8127449
4284510 23828909
16156796 9339658
4333127 15008023
21437354 3374617
17002227 16568773
16483958 2195542
24417525 11682911
1711136 8293005
19995341 4192644
14427918 4351545
24693932 21277569
3785078 6310753
10643557 4351074
3206751 24693929
3374605 10295991
2007086 10601593
1371609 19747178
8127450 24693929
3556320 9602053
4351071 4351618
3374610 4517757
24693931 22909356
10205381 14034024
3204670 1730107
24646647 14328566
3265314 429477
14529319 429476
1371603 4352856
2149426 9602050
15016854 24693929
9728781 24693930
429467 3374616
11682913 24693932
1730107 24417522
3633236 3374621
4576543 4351073
3374624 16568770
4317358 2951798
19676302 4826282
1671034 16676191
461119 4542891
24646647 4351995
19676300 17841271
429480 24646647
11682910 4382528
14304554 19747178
4027588 1747860
3374604 3785078
3374618 22840623
2149426 22840623
14529319 3349431
292158 4351995
3367648 4351067
9602052 10750170
2951801 4846077
3206751 24417525
4351270 19837141
5767542 1917650
3204670 3720912
4351995 2855541
429468 17519618
435517 8958135
7124421 2951792
2345001 24693357
4351064 1753076
4758963 4846071
239599 4252442
1371607 2169928
239599 3374614
15243091 3789470
4542891 4628196
1917650 14427918
9602053 2951797
429470 19474616
3044780 3374626
19995341 429467
6310753 4345802
4617707 3895460
1371607 3159704
9602054 18869460
8127449 3030813
2701204 1711136
4351618 7720707
15243091 4537809
4345975 6165045
3972366 1371613
3785078 3298083
3789470 16156796
17519618 12680155
6165045 14529312
124878 4352856
9602054 4727522
461119 3789470
7728462 11999432
2701204 13321797
3367648 2149426
2951792 61129
7621849 6162530
10295991 6165045
4351071 4846071
19837139 22840623
16156796 3805600
4846076 14328566
4576543 24417523
1371612 15008023
1371608 1971904
1766637 13321797
9113621 2195542
1371607 429479
16568770 182405
4351068 10295991
2951800 1371609
3297625 4353197
3633236 3253672
19995341 16568770
24417523 24693357
12680155 4188619
2118983 8958135
4578763 317226
1730107 3376964
200 200
11 124805 2 190734 1 2 475087 3 3 1 1 3 2 2 248059 92295 634943 2 965770 870710 992529 3 2 2 312432 5 1 481639 260047 59599 205491 1 422032 1 957726 554155 2 496200 1 2 3 711370 1 541509 2 3 2 798792 3 2 421493 3 179087 189609 3 4 2 2 926267 234704 2 1 310784 2 248326 707493 2 1 578416 395779 2 67272 1 447214 1 749468 229201 666418 1 594915 856933 119248 146969 328899 2 502457 468413 1 1 1 1 257732 49916 1 538193 2 4 498748 2 451301 2 180753 2 846396 3 61428 97178 172741 960893 160620 1 2 112892 138499 121646 395819 2 2 299541 264096 843900 2 129985 581908 410052 543621 1 16237 488304 2 3 250053 3 192047 1 424911 447379 122994 2 241770 865051 311844 1 637029 1 2 1 1 2 880113 5 2 40421 428639 2 454435 932421 674577 1 1 3 798273 1 705196 359351 1 3 788017 104389 774550 518977 840357 1 2 169532 10634 380942 533373 3 2 898418 312637 555098 3 654405 2 549034 539120 55976 442308 2 1 2 2 954615 1 1 3 255064 3
20611238 11008853
32761031 14623082
3675056 264908
8344309 12236521
45095600 40360067
27886169 41433484
28211907 10395992
6336220 16049398
33291660 23940146
35133205 6380318
29909440 11186189
40151874 264908
11186186 23923159
36920693 5950120
5698158 25361787
18794517 35291531
12193346 11186190
18200451 17196235
124817 11186188
24153138 2607218
34734525 14587975
790643 45242314
31017925 32761031
3391467 8367488
40355983 8605090
24370691 4612222
33230094 10817489
4907410 45943966
24153138 29825211
8344304 10990251
28387819 4907405
858706 28387821
20073040 3675056
40275116 4907407
28817823 20541402
3675056 18611550
24810169 4594969
31880909 20611238
29704585 8344306
790643 36089807
31880913 28387820
28387817 4594971
23923159 27886169
35318216 36920693
32783434 28211907
3391467 40231187
10395993 11
1125652 28637875
41275137 264908
790650 9055680
31880909 43749873
9597191 22681291
790650 31880913
566277 4594971
35291529 46236764
21561292 35291532
45282139 45943966
10256854 124817
4033491 45282143
19765390 43749873
40180650 25361787
25360827 790652
29460097 3047239
790646 12628522
790651 12347169
40180649 20541402
10395993 790649
16747551 4594969
21243263 28809372
12072952 35291531
16416972 33027720
6 35291532
11186196 20611238
9597194 10
42460973 19765391
20939810 790648
28626707 24264101
40669719 23923159
28387821 25361787
32761033 9055680
20055932 13613777
32048929 20611234
32761028 61177
45282139 9597190
11186193 8
790648 12779947
44747268 40231187
44828663 12347169
35291532 5835658
37154355 11186193
46491830 9262294
10814505 40180650
35291530 1514434
35133205 33291660
7889362 37154358
45541724 20611236
15406398 11186187
43749873 14046934
17196235 24810167
18419279 9
29825210 9262294
18419279 17196235
18794516 11186191
10395989 40275116
16010263 27066653
31880909 31880912
43307989 24145983
11 31880908
790647 8344305
20073040 39074536
3429430 22588445
18794516 37154358
32761027 24041308
11186189 7570425
20939810 29909440
1051950 46236765
23940146 9597194
45095600 22767162
26217708 20030581
40360067 37711307
43041293 3391467
43695700 9
7848102 20611238
25660766 11186190
4594968 28630781
4594966 14553544
28626707 18856735
264908 123680
10990251 11186194
790657 22588445
19557896 21561291
43307989 19765390
30281171 24810167
42653030 33291660
42459571 13567543
24810169 566277
9955689 10817487
21742047 790650
28387821 42459571
17872408 24041309
23940146 13613778
16049398 24753472
4907407 315553
315555 858706
32048929 10395992
123680 29909440
22620311 34832863
3391467 28630781
28637877 7761849
44747268 26217708
28809372 10395991
1765956 9597191
790655 28211907
29591890 46286700
41275135 25360827
19765388 7848102
46236762 35291531
18794516 566277
36920693 24145983
3 31399092
5914187 4
28387818 36356190
33027720 22767162
38782812 14623082
20073040 26869590
15033515 46286700
8344304 41180722
34832863 4602418
35291529 21109988
12657955 11186193
45282144 27892794
31880910 36039982
29460097 26269126
15102463 28886035
44828663 31880907
19861945 33839044
34114324 44378480
24657155 12347168
24041307 20541402
32761029 12347170
3047239 35291530
63041 15102463
21607943 31880907
32761033 22418244
28829925 28387817
32761031 45282141
27385614 11186191
24875357 20055932
37985572 29909440
46236764 19765389
46236761 8344306
10817488 9597196
31880911 37051529
43041291 5549142
12657955 23730422
5186747 17196235
14655248 21742047
6532291 31243877
27883275 24070805
790655 24200255
50 200
1 3 2 1 5 2 2 2 1 2 1 2 4 2 1 1 2 1 1 1 2 1 2 3 1 4 2 1 1 1 1 3 2 3 2 2 1 3 6 3 1 2 1 2 1 2 2 3 2 3
30 26
85 19
94 32
29 31
47 15
96 81
99 42
39 37
41 82
33 25
57 29
11 41
14 65
15 73
14 44
13 19
27 93
5 77
52 93
66 77
19 53
33 24
64 65
84 65
34 98
90 38
29 90
86 49
51 72
99 97
52 96
79 46
15 91
6 14
82 15
77 86
36 42
19 58
45 13
99 12
98 65
86 89
78 81
35 1
70 95
44 75
85 28
93 69
97 74
36 82
9 61
44 79
84 31
93 67
86 15
72 25
20 42
28 96
52 9
44 19
45 2
65 69
21 95
71 97
3 56
18 90
77 59
2 74
50 81
14 2
65 86
19 64
60 4
3 85
4 47
6 34
85 39
44 41
1 87
58 1
41 17
20 88
93 49
79 18
33 11
34 51
67 26
41 28
10 29
66 13
20 34
32 43
37 32
17 63
78 1
26 31
85 11
73 39
66 96
9 98
91 6
53 69
58 80
39 55
23 61
92 46
42 52
41 15
37 91
83 29
32 26
24 92
46 17
79 11
76 87
99 85
85 13
7 20
98 78
53 56
41 13
81 69
40 9
68 60
12 49
18 94
82 64
60 100
60 69
16 33
29 4
64 9
73 67
21 67
59 93
54 69
13 16
99 47
74 49
75 35
1 18
44 91
19 54
48 40
80 93
86 96
17 39
1 5
20 40
51 99
13 23
87 74
81 28
67 65
35 66
37 4
80 29
20 35
6 57
31 80
20 6
44 71
25 18
11 72
92 30
79 27
19 61
89 36
9 95
97 9
28 82
72 27
83 31
95 67
86 47
28 23
84 60
82 85
72 58
37 92
98 52
50 46
86 8
26 53
62 80
48 71
28 39
36 30
22 90
69 64
88 66
76 26
52 39
44 72
68 72
48 72
87 47
93 71
86 12
35 23
26 50
7 811149 574236 1 617845 1 1 2 742524 376742 888090 2 17924 987112 474237 2 474366 2 2 322236 1 2 51812 556511 1 711824
2 5489875
2003241 486713
6286482 6471430
7 1385393
6286482 412337
7 5352138
5964243 4
2 7120863
2003242 6931706
6304713 5849447
7120863 2003240
6894808 258016
4010599 214969
3052854 1988320
4 5754186
5964244 2003242
6172186 7
4048300 5964245
7120863 4021960
2259720 1385393
5754186 2003239
1038030 5489875
2003239 6286483
482032 3833165
5964244 1988320
4010600 6324833
482032 2
6286483 486713
4010600 1038030
6931706 214969
2003241 2991397
3833165 6172186
3833165 6324833
2 6894808
5352138 2
5489875 5849447
4021960 3052854
6372846 2003239
482032 4010600
2259720 5
412337 3
5489874 258016
1 5964244
2003239 1988320
5964245 6894808
2259720 2003240
1385393 5964243
5754186 258016
2991397 412337
5964242 6931706
25 50
5 5 477617 953293 615439 1 640754 4 307382 42167 52354 1 989972 995078 693702 2 364097 819813 1 411225 989188 178802 747132 2 440414
2687118 3276565
2687115 7006002
3 2687118
3086342 9278036
5767776 3086342
3034247 5767776
305321 3034247
6 2620998
5 5767776
5603999 9490868
9490868 8066901
4993444 7006002
8715944 3
2687117 6
4417019 5930041
6268271 3
2687118 6951687
1908643 8715944
7379315 2620998
2687118 1350626
2046360 5767776
3089022 6
8508864 6268271
2698847 7379315
3 10
9278036 2698847
3086342 4023
6951687 1336771
8715944 7353711
255433 7006002
2620998 4023
7006002 10
6951687 8066901
9278035 3086342
368860 6951687
3 1651272
4417019 9490868
5767775 275225
1651272 8066901
3003477 4993444
8066901 5603999
3039070 3003477
4023 8715944
3089022 2
9490868 9
4 1350626
3003477 3086342
5 3034247
305321 4
8715944 7006002
26 50
5 539767 315746 1 1 1 2 3 665083 1 148820 1 2 1 1 1 1 2 3 547942 3 312707 188326 1 908245 2
1597586 855520
44802 855520
855525 2384983
542962 1520610
1669433 2217385
1669435 2138354
2138354 44802
1669431 1520610
1 1669441
1669440 44802
855521 1669435
2918234 1669440
1520610 855525
2384983 1669434
855526 1669440
1669437 1669435
3626668 855524
1669434 855523
2718421 855519
2918234 1240642
2718421 1669434
1520610 1669432
2648556 1669437
2718421 1669438
1005261 1669436
542962 3626668
2318890 1552087
1005261 2968128
1669438 2318890
1669431 3
1669432 1669435
542962 4
1520610 1669433
1669440 542962
2952313 1669441
1669434 1669436
1669439 3626667
2968128 2
3626668 1669441
1669431 2217387
1 2217387
1669441 1669438
855521 1669432
1669440 1552087
1597586 4
2138354 2217387
2217385 2384983
2648556 2952313
3626667 1552087
1 855522
11 50
7 8 537625 7 7 7 1 301548 97232 1 372084
936443 873259
537642 537659
3 13
429226 6
356213 1045839
537643 537653
936443 303129
8 537645
10 581855
537642 537662
537659 12
1 9
537656 537651
537643 873259
537648 537657
537644 537653
537648 10
14 303129
896469 96736
537659 896469
581855 96736
1045839 8
537649 537644
537656 1045839
319216 3
12 537656
537648 1045839
537662 581855
537642 581855
537660 537650
537662 15
356213 2
537657 8
537660 537641
896469 581855
537656 356213
3 537651
1 537650
8 581855
537643 537662
9 537652
581855 537647
537642 303129
117719 11
537646 4
537657 356213
1045839 10
873259 1
537657 537651
581855 537653
12 50
4 5 6 6 5 5 4 4 403973 5 1 1
14 23
7 24
6 32
404014 12
37 404015
156526 24
27 2
25 404018
404013 1
55266 18
404019 404015
25 8
404016 38
404015 27
3 404014
14 39
39 7
404013 2
29 16
25 19
20 55266
7 27
404019 11
19 404017
17 7
35 10
32 9
156526 1
28 404018
18 22
404018 33
5 19
4 17
31 7
404016 26
404017 156526
5 38
12 25
7 23
9 156526
38 404018
26 404018
12 187275
4 37
6 16
9 10
36 29
404013 187275
13 6
29 404019
11 50
6 9 485794 150245 439058 6 1 986572 726375 412344 2
10 469301
10 1075114
3200412 1
790341 1075118
1075116 514499
14 1969764
9 3200411
924804 2981994
924804 1075119
554614 2753478
1969764 1075119
621217 1075119
13 1566882
27554 769037
15 790012
376123 1075114
580198 924804
469301 1075113
1473314 1
987000 261389
1075118 599744
1969764 8
621217 1075117
514499 1075118
2 1969764
2 261389
3200412 469301
438924 616755
440441 514499
616755 1
3200411 438924
172555 924804
790012 3200412
580198 1969764
554614 13
14 1566882
580198 6
2981994 290424
621217 14
12 469301
12 1969764
1075114 14
790341 1969764
376123 14
987000 469301
924804 1075115
2981994 769037
2 12
1075113 13
1566882 1075113
24 50
37946 564027 4 4 460148 2 73855 566824 1 2 1 1 1 5 1 612741 1 1 378463 997346 1 630446 115087 662545
4247016 1702814
885870 601979
22690 1702821
989837 1120464
861214 1702811
989837 67437
989837 601976
1702820 1702812
989837 1702819
2417921 1702822
4745787 601981
1702816 584696
885870 1160349
4336229 18359
4247016 2417921
601977 1702815
1120464 1062130
1702820 2315564
2315565 4336229
1891533 885870
1702811 2590184
1702815 3389593
1702813 3691375
1702820 601977
77136 1891533
67437 601981
1702818 944583
601978 2315565
1702811 1160349
1891533 3691375
601976 1891533
88186 601979
2315564 13085
1062130 1891533
1702814 2315564
1702822 3691375
18359 1702815
601980 1702821
1160349 1702812
1702821 601975
22690 704208
1702813 1702821
861214 601975
601981 2590184
77136 944583
1702811 601979
601975 1120464
33564 1702821
88186 3691375
2315565 13085
27 50
8 7 2 1 1 3 2 2 1 2 1 2 1 1 2 1 2 1 1 1 1 1 1 1 1 1 2
50 36
32 6
11 31
49 33
14 22
35 45
18 26
27 18
40 46
46 3
13 38
12 18
30 39
19 47
19 10
44 2
18 29
13 42
19 48
41 44
14 49
24 37
37 42
30 43
34 9
47 17
23 26
26 41
38 25
46 44
17 35
29 44
10 39
25 50
46 35
12 48
37 49
44 49
26 31
16 18
33 12
47 27
10 21
46 17
27 23
30 17
18 17
14 26
12 45
22 42
19 50
7 30337 2 2 227029 3 2 488734 2 494033 3 2 1 988098 1 303526 2 2 63066
257378 1240153
19184 2531786
746117 649045
102824 6
746118 1016519
2531783 30346
2531785 5
5 2574611
12922 30345
1240152 1346641
1240157 2319491
30348 1240153
257382 2515704
1240153 746118
30346 649045
746117 2228256
1240155 6
257382 12922
649045 2
7 257380
257378 6
1240155 1240154
1240153 2515704
455357 7555
257382 19184
257382 1240155
1240156 1240157
1862161 2319491
257380 1240156
2531785 1
1862161 746117
257379 1862161
650187 746118
1346641 1240154
30346 1240154
2319491 649045
1240156 1862161
455357 30347
6 23761
4681 455357
30348 3
4 3857
4681 1862161
1240153 15705
19184 455357
746117 2515704
257380 257381
23761 444722
1240157 1240152
2319491 1240155
23 50
2 4 2 3 470062 273670 3 2 4 2 822284 1 971452 2 2 1 3 2 2 97585 485878 357914 539722
5 2537499
2537503 743751
3 1394543
743748 2590714
743746 2537501
2537501 2537497
11 3526131
5 10
2 6
2537497 2537492
9 55484
7 6
743752 3296064
2537503 2546622
2537497 2537502
10 2537496
574623 4
2537494 743747
2537497 2983786
2005648 9
1566039 743754
743747 743754
743745 2537496
2 2546622
743746 3
7 3526131
3679150 2546622
743753 662138
2894092 5
1 2537503
2537500 2894092
2537503 743746
2 9
2894092 2
1554815 2983786
743752 1394543
2537503 7
2537493 2537502
743751 10
3526131 1566039
2537493 743750
2537498 743753
1 8
2537496 2983786
1394543 743751
743750 2537499
2 2537500
2983786 2537493
3296064 743746
743748 11
13 50
485606 5 4 175695 352387 5 89099 6 921059 3 904285 608377 1
2023867 1054089
1013701 825090
1054089 527046
485609 1013701
853640 2159745
368960 485610
209032 2023868
1102803 485608
3009017 1082399
1903625 1013701
485612 3536532
485613 621951
1300904 527046
853640 485615
3536532 550186
1903625 1098768
1102807 527046
1054089 2023868
1082399 485609
527046 209032
3536532 368960
485611 1013702
1013702 853640
1102802 962057
1102806 1013700
485611 3505904
3505904 1102807
485607 825090
636396 1300904
3505904 3536532
485613 3677
485615 683434
3318641 683434
485611 962057
1018839 1102805
1102805 485613
1013700 550186
485607 1013702
1098768 1102805
853640 527046
853640 1098768
550186 683434
3318641 1102806
621951 683434
1102802 485613
3677 683434
3505904 584659
1903625 1102805
368960 485611
485614 1052432
23 50
4 5 312088 626698 172690 3 277035 4 256338 2 493923 274326 552822 1 698428 687632 2 187323 3 758610 1 3 28798
1111486 2
4352001 3
1111487 5297938
1644867 2665736
4132157 6
1828670 1111487
1107462 1388525
1201291 4539327
4352000 5297939
3431224 5297941
933820 2329714
4475445 1388527
4 8
5297941 4539325
153149 1644867
9 1474449
2 2329714
4563924 4539325
7 1345
1111487 5309158
1388524 5297938
1474449 2965939
4 5297939
1388526 1644867
4352001 1388527
1388525 933820
4 4539325
6 4433986
1107462 1201291
1388527 1201291
1474449 1828670
2 1644866
5299870 520410
4563924 1111486
1107462 2329714
4433986 1111487
4475445 1
1107462 4563924
2335877 1111486
4433986 4
1388524 9
2335877 4352000
1644866 6
4 1388527
153149 1388524
4352000 1644866
4539325 7
2965939 6
1388524 1111487
4352001 1111486
12 50
6 6 6 6 7 514876 295929 2 831593 170669 2 1
2 13
7 1770058
5 810838
30 10
1813101 1517168
6 8
1770058 23
238531 14
1517168 6
774404 8
17 1813103
6 238531
82184 16
768215 28
1517168 12
12 67941
67941 31
27 1813102
128603 1813101
67941 23
7 810837
427169 11
810838 25
1484403 82184
7 17
2 29
31 12
238531 9
1 1770058
1750903 1517168
5 18
31 23
12 128603
4 14
1813103 14
10 3
24 1770058
128603 1750903
13 1813102
15 67941
30 17
128603 28
6 24
28 3
810837 6
1813103 15
26 1
27 1813101
6 19
28 1813103
20 50
13443 292002 2 2 3 255447 3 955023 313563 650899 354640 832881 662469 1 1 842324 873436 2 49688 3
305449 2256880
305452 1748722
560900 171583
2934489 305449
403440 862873
1522475 4330378
3369502 468857
78498 305451
3369502 3459
2427075 4211824
305449 5200056
189276 2489808
4330379 6095830
862873 560902
1522475 6095832
1541966 6046140
2190231 4675209
468857 6069909
305446 305449
6095832 305446
4635018 468857
560902 6069909
4689620 3908753
3369502 6046141
2256880 560901
2256880 250710
2190231 2934489
1748722 4330378
1541966 468857
2190231 1541966
3459 5302741
468857 305447
862873 2427075
1092364 4635018
305449 305451
189276 1522475
1748722 6095830
862873 3369502
6046140 3369502
78498 2452174
4689620 3665373
3459 305448
3369502 1887226
560902 665413
468857 4664126
171583 560902
3908753 305446
4211824 305449
560900 2489808
6095831 4330378
18 50
373226 12 592919 43452 2 68082 93733 992124 127347 562346 155267 156392 3 90793 1 2 252121 7951
2182961 373229
3164905 42965
16643 1054249
373230 3164904
836559 1009610
3255700 3244883
3347876 3508032
121442 2026507
1020062 2971753
373228 3255699
3508032 974527
3512695 2211727
121442 3255700
1009610 373234
1122119 3244883
3130859 293639
2467551 293639
3255700 42965
3255701 1009611
2984991 2026507
980976 1131893
333596 373235
3508032 16643
373233 293639
373227 2467551
195950 373230
3130859 3512695
3164905 293639
108431 373228
2182961 1020062
980976 3255700
324941 373228
333596 3255700
3164905 3244883
333596 1009610
836559 373231
1020062 373238
1020062 3164904
373236 974527
373227 195950
195950 3512695
1020062 373234
3164903 293639
293639 373234
373238 42965
373235 324941
2971753 980976
293639 3255701
373227 2182961
121442 2467551
17 50
168677 5 193838 365932 2 954840 4 733957 3 5 921698 430711 1 1 453783 716257 329506
1765089 3501918
1683297 4706955
1869630 341928
3333929 5230644
1683296 2417259
2417257 12353
137409 3320004
12353 246308
168680 246308
168681 2417259
520366 2417263
728453 162967
5230644 4193122
1550039 2417262
3769674 2417256
2417263 3769673
2417259 3769673
560700 177282
2417257 246308
3769673 12353
564811 2417262
3740820 341928
168680 2417260
2638293 2417260
1683297 137409
4604692 728454
4706955 246308
1869630 137409
4143466 1683298
177282 3501918
177282 2417257
2417260 3769674
168680 162967
728454 168678
168682 3333929
4706955 1683296
2417263 3333929
728453 1869630
2417263 3320004
2417262 3769673
2417261 1869630
341928 3320004
3740820 168682
4604692 3501918
168680 1683296
2417258 3740820
168678 1683296
5230644 3769674
1683297 131631
2417262 341928
22 50
646676 4 6 586302 4 938435 3 831828 188751 1 974120 1 3 1 614208 128518 978415 1 619447 595944 430024 1
4371892 23445
4166133 1193875
185784 2459747
185784 4166131
6420069 4166131
4166133 437303
539075 1715719
4166132 2171429
5121096 7425372
7425372 4415402
185784 1232991
763513 6534649
5121096 3915360
6460638 4166135
5887277 646686
1120747 646684
539075 7532693
646680 1232989
6460638 3074427
3192010 1232991
646686 4863039
185784 646683
6534649 2171429
646677 646685
2910697 2167310
23445 1232989
3074427 437303
7235215 2530549
646677 745662
646680 646681
646677 646686
3192010 1193875
5887277 7425372
646677 4166132
763513 7235215
2171428 745662
5121096 6534649
1232991 646679
7425372 4863039
1120747 437303
3915360 646677
1232991 2530549
2167310 4863039
4166135 1232991
5121096 3074427
2910697 539075
646686 2910697
646681 1120747
2171428 646677
4166132 3915360
13 50
5 5 429851 651877 5 841883 5 186368 4 640924 90697 2 648157
1391678 2444648
2095739 2819439
2110000 2095739
1081739 614910
9 1923630
1923628 2841625
99140 1391678
1081740 1923631
3 429667
1391678 2110003
1923628 180740
1081740 3405206
2110002 2
2444648 2110002
1976416 2110001
9 2108991
2110002 877669
877669 1391678
962533 180740
2819439 2035632
1923630 2110002
2095739 1923629
1 1102533
2035632 1848667
2108991 1081742
1081743 180740
2841626 5
2018186 1081740
1923631 6
1923628 9
2110003 1923629
1923629 2110000
1923628 1391678
2 1081739
357776 1923629
628838 2841626
614910 7
1391678 4
1081740 1923630
2841625 2095739
1923628 1102533
1102533 4
6 2110000
2 2444648
357776 2035632
357776 1848667
1 2110003
357776 569411
1 1081742
10 5
19 50
12 3 3 1 914580 807176 1 2 1 646004 2 49428 4 2 315642 3 581290 4 120421
1721778 4
5 1721779
2732862 2350935
3314157 255402
17 48608
1721779 2417219
2417214 3314155
2659350 3030237
8 48608
10 19
1331224 2367785
2387632 2367785
11 3422391
3030237 3314157
2417215 2367784
3314156 14
1721777 2732862
6 1721776
2659350 2056968
1331224 3110316
255402 2417218
1721776 2350935
2350935 6
3422391 2417216
48608 3110316
2387632 255402
3422391 2
2417219 2417216
3314158 10
2056968 6
18 2417219
2417215 2350935
2732863 11
14 2350935
2417214 2732864
12 2417215
2417216 11
1721779 2417214
13 2350935
2732863 16
2367785 1721779
2350935 2600157
2417219 11
2600157 1331224
1 2350935
255402 2367784
7 18
255402 1721777
2600157 255402
11 255402
17 50
19 502059 2 612257 2 889862 2 227453 3 3 885564 63272 2 2 2 672967 588645
2231659 858296
11 2499194
118388 3761548
2499194 3180499
502080 13
6 2231658
2202255 1114339
16 2231660
1798234 2231658
8 1114339
3180503 3761548
2499194 3180504
3120642 19
12 2004202
3869358 12
3180502 858296
2004202 3120642
2557961 18
2202255 18
2004203 858296
3180501 6
3363013 502079
118388 3180499
3180501 2231658
11 2004202
858296 502079
17 2231659
1114338 14
2231660 3660115
3180499 2231660
18 2231659
7 3120642
3180500 2499194
3660115 15
3180504 2202255
5 1798234
1535 7
3180504 9
3761548 3
1997148 2231657
118388 13
14 2499194
2231660 1535
3761548 4
3180501 16
502080 3180503
118388 11
2 1114339
5 3180500
502080 1798234
14 50
4 5 592315 4 5 5 470190 4 418008 990 1 965516 1 3
592327 1062531
1062532 3
592334 592325
2447048 1050578
2 592331
1062531 1874528
1280431 3
2447049 8
7 592329
431992 1481118
2447050 2447048
1874528 1481118
1481531 3
881225 592326
497254 1050578
659054 1062530
9 592334
3 1467470
1874528 2447050
592325 2447051
592332 203025
592337 1037597
2447048 881225
1050578 592332
3 1062530
1062529 2447049
4 1050578
592333 1874528
2410884 6
592333 1
8 497254
8 1481118
592336 431992
3 1062529
659054 1874528
1062530 203025
9 1062529
8 151911
1062530 1280431
5 592334
5 1062530
8 2447051
1481531 659054
431992 5
8 1481531
592329 1481531
9 592325
5 3
2 592327
592334 4
23 50
595111 718480 448102 922112 3 934809 259962 4 379475 208645 333161 172986 647615 2 1 801987 205168 1 299503 1 1 895370 503889
2132222 7953253
4689371 3248743
6627624 6367302
6158571 2683808
1640884 3878580
4809737 6927129
364904 6158571
1609491 5620467
2683806 3650187
3671188 1640884
364904 6927128
3568772 2484635
7750268 3878581
7448600 4575959
1609491 6927129
3248743 4348346
820115 3650187
3568772 6748060
3878581 6603107
3878582 5620468
6367302 4174427
5019565 2683808
2683808 3248743
2326267 4809737
820115 7448600
3248743 949325
3248743 1609491
235545 949325
2484635 3878583
8175813 7448600
3878582 2683808
5620468 6945319
6627624 2659462
6927129 3878581
6458319 3878583
7448600 1640884
2683807 5019565
7953253 820115
6158571 820115
3878583 6748060
5620468 4620100
2484635 6627624
2326267 6158571
2683808 4575959
3878580 2683808
2132222 6603107
4809737 6158571
1753891 341642
820115 7750268
4174427 6945319
13 50
216279 74693 89138 286655 495012 2 195644 831867 256742 2 3 3 898431
604579 3074656
1174189 1161779
312500 1161779
312500 2446033
2446033 2369352
628159 1193026
604579 140307
2446040 1258692
275459 299825
75621 2446036
309544 1043882
75621 1642600
312500 2446036
2446039 299825
175670 604579
2446037 1258692
2446034 232376
2446033 313891
628159 2347644
243503 2446035
2446035 144176
2446037 275459
309544 175670
268594 312500
262255 314072
314072 2446033
42595 299825
140307 313891
1043882 489120
2356684 329471
1161778 1720101
2369352 1642600
628159 2446035
2446033 1161778
3074656 2446040
309544 2446038
175670 2446035
1258692 2446036
2446039 329471
364640 2446038
1161778 1642600
42595 1161778
2446033 1720101
2446040 1184904
2347644 1161779
2546521 2446037
2446036 2446040
285247 2446034
1184904 1161778
329471 1720101
18 50
13 13 2 2 559650 960631 2 92882 84656 2 1 936114 447315 31294 2 1 681556 1
25 993364
12 20
1697853 3082084
10 2757052
10 29
3112580 3112578
3112579 3106651
6 1697853
19 1520312
28 16
1533473 1520313
2604659 15
3656028 1
13 343326
1697854 2604659
1656080 3794137
1656080 1697852
1533473 24
2 30
343326 11
7 3082084
2 3112579
1656080 8
10 3112580
1520313 1697852
30 1697853
8 1697853
3656028 5
20 3112580
15 5
1533473 26
8 27
15 1520312
28 26
5 3112578
3112579 14
1697853 23
29 3
13 1520313
4 15
3112578 343326
3662342 2
3106651 21
7 3112578
3112578 22
14 4
3112579 1697852
2757052 11
14 11
30 2604659
29 50
4 1 2 1 1 3 2 2 1 1 1 2 2 2 3 1 2 2 2 3 1 1 1 1 2 1 2 2 1
24 10
38 15
44 12
36 19
44 50
1 42
26 3
4 14
13 36
8 42
10 33
7 3
17 42
44 1
39 13
45 48
27 49
46 43
16 35
22 36
37 30
41 8
22 20
1 9
5 40
29 30
2 40
18 26
27 4
50 16
14 28
45 27
2 36
31 50
24 5
26 25
33 44
17 15
23 37
5 45
48 42
45 9
11 48
13 18
1 41
12 21
36 44
15 6
4 11
34 17
19 50
4 3 1 4 1 1 3 3 3 3 2 4 1 3 5 2 2 4 1
25 18
34 2
29 16
31 26
41 18
36 18
14 46
28 40
11 23
12 17
49 19
11 44
27 43
17 33
8 23
34 5
13 48
11 50
47 21
3 28
5 1
1 46
17 19
49 13
26 11
25 15
50 7
32 4
2 41
13 24
5 45
34 50
16 42
36 15
26 7
5 40
45 11
50 41
43 2
25 33
17 26
46 38
49 20
13 4
26 15
11 8
49 24
12 39
35 33
35 8
16 50
495324 826496 9 9 2 583188 284470 958434 297397 1 1 453824 939846 2 1 168017
1162573 1321827
838777 4839002
1807380 1312736
1321840 1321831
231230 3380878
3445330 363983
55002 1321826
4839002 1321840
3445331 1321836
4383877 1321840
4839004 343334
1162573 4855877
1935966 1321833
2695765 3380878
348296 3521983
1321827 231230
1321839 1321827
3445330 502175
3521983 502175
1321826 1321830
4839003 3445330
4383877 1321836
80055 1321821
1321828 4383877
1321837 1321826
1321824 1321835
276475 502175
1321839 140337
363983 1321836
1321824 1321830
3521983 1321825
1321839 231230
140337 1265073
3521983 2695765
231230 838777
1321821 363983
55002 1321822
1935966 1321825
1321823 4855877
1321822 3521983
1321834 1321823
1321840 1321832
80055 1321828
4839002 348296
1321829 1321838
1321836 1321822
4855877 838777
2695765 1018870
1321830 1162573
4383877 838777
21 50
999217 144677 4 1 3 1 2 97479 1 2 1 1 1 5 2 3 805272 2 701935 827500 34840
1143895 3588522
1241398 2715818
2046674 1057064
3603398 795705
3491180 529793
1241400 1143899
1136413 1241391
529793 1143901
1136413 2715818
2715818 1241396
1408199 1241388
3491180 1143905
795705 1143903
1241389 1101213
1241387 3348038
3348038 1136413
1241391 1241390
3581196 1184545
1241388 1241385
3348038 1718096
1057064 1143898
1241385 2046673
1241385 1408199
1143896 1718096
1241398 1143901
1241400 1143898
3588522 1241388
1241398 3581196
1101213 1408199
1241389 529793
1143895 1241390
1241390 1241399
1241391 1143896
1036149 1184545
1718096 3603398
1241386 1408199
689552 1241386
525622 1241399
1241398 1143899
1143896 3348038
2046673 3588522
1143899 1143895
1718096 1241400
1241389 1241398
1241392 1143899
1241385 1241394
1143903 1241385
3603398 689552
1036149 1143900
1241388 3581196
28 50
791133 3 1 333835 122012 1 2 651029 732530 692116 978629 2 693908 1 1 1 659892 117854 2 405978 493810 1 73519 591856 1 881442 1 369243
6724289 7990567
4306815 6484228
2751754 8223115
1246986 5833837
3679233 6724289
716313 791136
2751754 6724289
4999675 2751754
1231770 7223194
1246985 1459973
2751754 8458
8458 1246986
1811060 3023487
5716226 7392671
4995203 4999675
2527646 6724289
5716226 6672741
5772952 1306748
6724289 4995202
6484228 7392671
5772951 8219560
6672741 4301292
1306748 4995204
7338117 2751754
7289094 6672741
791137 5833837
948424 791136
5649085 7223194
8219560 3679233
2527646 716313
4999675 1246985
6061009 948424
3679233 7392671
4301293 3679233
6171595 8219560
5772952 4995202
8310831 4995204
6672741 4999675
6358095 716313
5649085 2527646
3679233 1231770
8458 1811060
4301292 5772952
6358095 4995204
8223115 791137
8458 6171595
4995204 3679233
8310831 6171595
5772952 948424
4995204 7338117
29 50
418901 1 865071 36068 1 550438 1 1 730389 626388 957524 1 65104 942324 161429 74427 2 607012 954962 830946 1 1 1 1 584590 1 744166 11591 1
3005937 8405585
7820992 5428069
6196998 53780
1870482 216837
383407 8288997
4244215 383407
4184784 383407
3601996 193265
53780 7820993
179357 1211073
418902 9040415
1301944 4184784
179357 7820991
354593 8405585
395201 5651038
286383 5428070
5418756 4233245
5271053 7291339
1320042 148222
8288997 1870481
7820994 7820992
148222 2069647
9154577 53780
7291339 4469144
1301944 418902
4469144 6196998
9161343 8288997
5418756 1512554
1301944 3601996
383407 1870481
5428070 2069647
5428069 140427
383407 5428069
7291339 53780
6196998 7820991
8405585 133697
1211073 7820991
5651038 1512554
3694654 46192
140427 5428070
7820991 3694654
4184784 46192
1320042 1870481
50651 5271053
4244215 7820994
9154577 22672
418902 179357
1301944 5428069
1870481 333702
308001 7820992
17 50
624777 821613 4 675163 942610 4 438722 213979 3 3 433914 864514 1 3 242339 649324 1
1446394 5015309
3716874 1446391
3716875 3628492
5015309 4976830
2089793 3716874
3716877 3107975
3628492 3064169
5906974 5550525
1835192 5550525
5067928 3716877
1389682 3139305
3459932 5015307
3037903 3716876
1446391 3139305
3508296 3876158
443969 3716874
3672169 4336470
4976830 3672169
3064168 3876158
1389682 3716877
1359406 2013471
3628492 3716874
3716876 2089793
3876158 5015308
3716876 5015309
3064170 3670587
3876158 1591954
5015309 5167427
1446392 4976830
468828 1446391
2699902 3107975
5067928 3064171
4336470 3107975
3628492 4976830
3508296 1446391
5015307 2013471
443969 2089793
5167427 3716876
3121462 5015308
3670587 3876158
2699902 3716875
1446394 3121462
3876158 2788605
3064171 3716877
3716877 2699902
5015308 5015307
3670587 1591954
1446391 3716877
5906974 3064170
5067928 5015309
21 50
9 144082 91756 1 3 278848 3 3 1 1 3 589527 1 1 2 1 873473 1 1 21599 1
6 1104242
1930 1104241
2 514709
38138 514708
1104240 655201
185762 4
1977717 514701
27814 514701
7 235851
1999317 1804186
514700 1804186
558191 1977716
1997742 514700
5952 514704
1104239 1104242
514707 514700
1930 367129
235848 1104240
846488 1104238
655201 514706
1 38138
185762 5952
514708 514702
8 514707
1104239 1930
514700 514706
106362 1198276
235850 514710
106362 514708
1198276 1
1104238 1999317
7 38138
1997742 514706
103644 235849
1104239 514709
655201 6
655201 1104241
4 514705
514706 629984
367129 2
27814 514709
1930 514700
514707 514704
1104238 558191
106362 1804186
8 27814
1977716 235850
1104239 514710
1198276 514702
235849 1104242
27 50
789023 182009 8 1 265993 424770 595148 1 1 1 909411 1 46994 1 320640 1 341263 237986 1 566834 1 109571 735623 906454 664025 753181 2
2028247 122810
608710 2256955
4169759 2807008
3534003 971035
375580 4113253
931677 5735674
375580 7848944
2807008 929331
3213362 971040
971034 897624
3213362 3166630
3166367 1138691
971038 2256954
6865490 931165
2807008 3493156
1335116 6865490
95626 3166630
931677 2256953
971037 7788134
224099 1138691
3953744 971037
81662 4680088
3722300 1138691
4787334 3493156
971037 4816248
971041 3534003
224099 1335116
4816248 7848944
971034 7848943
3953744 608710
3166630 2256953
3213362 608710
95626 971034
1335116 2028247
929331 4169759
2256955 3166367
4680088 971036
971039 1805338
3493156 3213362
1335116 5735674
6865490 3213362
469782 971034
95626 971037
224099 929331
7788134 3493156
971033 3953744
375580 2256953
839283 3213362
1805338 971035
971041 909652
23 50
28 303268 38809 1 198141 682347 535003 136446 990323 423479 1 20152 1 1 881832 833844 756223 414570 595834 76357 724792 1 398876
4 3357355
3328000 1
3071121 6
3328000 1859480
22 1140840
3327999 23
1 1349116
3071121 7464291
7611453 4
19 63578
28 5484436
3 6000859
7 6865877
4918952 63578
7724386 5
7724386 3307846
3320150 16
6637866 13
15 335415
383547 8
18 342106
2260444 25
12 63578
4918952 17
3307846 21
2260444 6
3328000 7
1859480 7464291
7611453 18
342106 28
335415 1349116
3307846 383547
3328000 4
3071121 9
18 7724386
335415 7464291
1140840 1349116
3 3071121
63578 5
19 6000859
6000859 25
16 383547
6000859 1
17 5484436
15 1349116
21 63578
3 3357355
7 342106
5 7611453
335415 4
12 50
2 1 2 2 3 2 4 3 1 1 2 3
12 13
20 9
21 12
26 5
16 2
7 17
15 11
25 18
3 21
1 17
19 14
1 9
21 1
1 20
7 22
24 23
24 11
5 2
10 13
18 1
16 11
26 18
7 19
22 9
18 13
23 13
10 11
20 8
17 9
2 13
18 24
24 2
10 26
11 21
18 9
16 21
12 3
1 19
26 17
1 6
5 8
13 7
11 25
13 20
1 25
26 14
4 10
10 7
10 12
15 2
3 50
10 4 9
7 11
16 1
9 18
10 19
17 3
15 1
17 12
12 6
5 14
12 7
13 10
14 22
4 16
12 2
22 11
21 4
12 22
17 5
15 9
22 3
21 12
7 16
14 6
11 4
3 11
20 3
14 15
1 17
18 6
4 20
5 23
19 11
22 5
7 14
18 2
6 17
3 21
6 23
22 13
4 15
2 22
3 18
7 19
8 11
12 16
14 4
23 11
19 13
16 11
13 15
7 50
3 2 4 1 1 1 3
7 1
15 11
13 4
8 3
1 11
12 1
9 2
6 14
8 10
14 4
7 13
9 5
15 4
9 1
4 7
4 12
11 3
14 9
8 15
5 10
4 3
9 3
2 11
1 13
7 2
5 14
8 2
3 14
12 15
3 6
4 1
2 6
13 8
7 10
6 15
13 9
7 11
2 15
10 14
4 10
12 13
4 8
13 11
8 11
15 3
3 10
15 9
5 7
13 3
5 15
4 50
10 5 11 6
16 30
8 12
14 22
1 28
25 11
21 6
12 31
6 20
31 1
5 18
15 27
3 19
21 9
3 14
13 32
15 2
24 4
31 14
20 13
27 18
31 21
7 16
16 9
4 11
29 12
31 23
8 15
19 15
17 2
2 27
9 26
15 32
14 19
15 29
16 5
30 17
5 15
28 23
21 3
32 16
22 10
24 12
10 27
29 22
20 10
1 23
5 31
30 21
8 22
32 18
11 50
4 4 5 2 2 1 3 3 3 1 5
9 19
31 23
2 5
23 4
26 14
28 12
30 7
15 16
17 1
17 20
21 23
26 33
26 18
24 17
21 5
22 13
20 4
27 17
6 11
18 25
26 8
4 6
4 33
24 26
29 15
29 22
5 33
13 16
10 15
14 20
1 28
28 27
24 2
20 32
33 6
25 16
12 33
7 19
27 24
5 19
29 3
28 5
9 6
14 30
10 25
29 11
28 26
17 31
1 8
22 4
7 50
3 7 3 6 3 5 1
10 18
16 20
15 28
3 19
6 22
4 12
6 16
27 1
3 22
23 17
4 28
7 24
25 14
20 6
15 8
12 2
25 1
18 7
3 12
15 1
19 26
21 8
4 17
10 20
8 19
15 22
1 24
13 18
16 27
17 26
20 19
8 17
11 1
10 16
9 14
27 12
14 21
1 22
20 1
1 19
6 2
24 4
27 5
15 13
26 22
15 12
26 20
5 11
19 11
6 21
7 50
3 5 4 1 5 2 2
7 3
22 16
17 5
12 4
22 10
21 16
16 4
22 2
13 20
11 22
8 18
3 21
14 2
7 17
10 1
19 18
16 7
15 9
17 20
16 3
5 3
22 5
8 1
9 16
11 2
11 14
3 4
18 2
11 20
13 3
7 18
1 15
14 10
4 21
2 8
21 11
18 22
7 22
17 19
14 8
14 1
21 9
11 18
1 16
18 3
11 1
6 1
5 12
12 3
21 17
11 50
1 1 1 1 2 2 1 1 2 2 1
7 14
11 15
8 6
14 15
3 5
8 3
8 12
15 8
9 5
13 3
5 4
14 5
1 3
7 1
12 15
8 14
11 2
5 1
1 8
9 4
15 4
1 10
2 1
2 13
10 13
9 3
2 15
14 1
5 2
13 15
7 5
4 10
5 8
14 3
10 12
14 12
12 13
11 6
11 7
4 13
13 6
3 7
15 6
5 13
10 14
9 12
6 7
7 10
7 2
1 15
10 50
2 2 5 2 3 6 5 2 2 2
2 11
2 26
4 19
4 12
29 25
31 6
24 19
20 5
27 14
8 21
10 24
4 24
6 22
16 29
21 11
17 10
5 13
29 9
27 28
3 9
4 27
30 23
4 11
5 25
18 6
10 4
24 6
7 17
30 13
23 2
20 12
11 1
23 15
19 22
7 2
20 2
19 31
23 6
30 7
29 13
26 10
29 5
8 14
11 27
2 24
6 16
31 18
7 28
2 15
24 26
5 50
1 8 6 6 5
16 10
24 2
17 8
16 11
3 14
21 3
1 21
4 22
26 4
23 7
15 5
16 1
8 22
9 16
16 23
15 16
17 10
10 20
13 26
15 20
25 7
15 26
24 1
8 1
11 22
18 8
6 20
3 26
12 25
6 22
14 6
22 19
11 26
6 18
14 26
18 7
16 25
24 16
17 25
21 4
14 4
22 16
24 6
23 8
22 15
17 26
24 17
24 8
8 19
26 12
1 0
741675
