1000
4978750 6556970 6087743 7902158
3329246 2608013 8048607 5924764
1198841 25410 924946 5179910
6672872 4501452 4426459 8538978
8487518 4973838 8025802 1686894
1972542 1913309 8843977 6066309
6610984 3442465 3117598 4940728
5722598 408978 3999151 9419984
4443900 3022945 6702966 8191704
4826069 1499535 6254421 6155733
4580418 611230 5222813 353129
3264851 321849 5174682 9894788
9024652 6463960 3447409 6970044
3049152 5077626 9191207 545717
7431773 4132218 6382510 5444504
3661223 7159510 9451258 287293
3266456 850254 2478832 9870005
2580051 2955271 1467239 9850253
1675401 3728536 292302 7278124
5777252 7748635 1218765 4278513
5721420 4320240 7295993 7823886
2772885 8556022 5555199 8774917
5891996 980813 9934829 4530044
4909699 7257550 5048666 8492422
392320 1343739 8842996 8787607
8636942 1374835 3518725 7914513
2387529 9464324 7322045 8051889
435430 4385039 6645031 2531211
5420911 7057954 701571 5331518
8937548 1405177 7546901 8065132
1473910 3299345 7803676 5331311
2294282 9978250 3502880 8328424
3794905 8008423 5170975 6259412
5590843 7764635 8168259 4512542
2201221 2800272 3313124 3554381
6626024 8625419 3969986 3975933
4305565 3022236 1519647 3685813
9458292 7295030 5862566 5885714
2560814 8518631 6773937 4980612
1739349 186049 7518177 7125971
418703 1792069 2367759 8408145
1023331 2615770 2498674 8473831
2149888 2689357 6925867 4169035
3871095 4057766 1856359 5065642
3999280 7769317 6738061 5901649
2769991 7879041 1983751 7883781
2646412 2875394 8138418 7196064
9305887 9867139 8908812 1588266
5215147 8250241 6469724 6507329
6790957 3934304 7771061 23790
5880615 3151624 3254952 6968983
4109195 9464900 9425799 3668268
6048469 7703890 4738440 2210374
4224850 3089059 1401953 5379610
2287217 6758070 7149370 9211763
1581511 6748814 1734711 7786804
7630292 6986462 5370677 2277671
1340672 1971644 5097029 8354313
2685647 3445612 8371738 128542
5669817 6645329 9431117 8843255
5639172 8617107 9853627 2404711
2908671 6174098 1253546 847733
283234 456988 7906304 4784565
942569 8343553 852125 6734495
8708331 9176295 3704874 7139646
7968243 820837 808161 6223741
3470290 3767046 1292139 6880220
1869936 9187510 5500252 9556794
6377724 8842135 5735738 5214136
9092859 9278408 3140264 3362666
9920769 9780606 4932085 1466663
3482521 1895860 3802330 9871508
6276987 5025580 3289842 5826718
3859774 5959690 6810291 3779353
6586551 3472595 3730286 1699946
6690442 5468165 1149015 2858995
2973410 9862550 7260189 6293366
149021 9373422 6344190 3070320
2779474 3232467 2924453 246340
9290248 4088968 6638640 6745463
1546333 1572596 4249158 8013790
3488188 8381604 5568285 6728745
5160459 8003127 739222 2965923
34823 9070294 482554 4517607
3456404 6400709 6946263 4044965
1567336 4210423 1146719 1545400
623655 7517303 4465581 8823462
6947776 494041 2630466 58212
2899897 8224092 457526 68572
1422762 855167 594048 2518024
5613289 1982664 6315579 2115989
3421631 651687 8324483 718029
8499571 155358 8555682 4156558
9065288 9884455 7738878 6595933
4062583 4239532 6447641 8269852
523661 8596217 4188164 2865272
6777905 1075016 2010515 7225931
5523129 4867176 8324684 3471995
6692201 5505224 3368619 4114672
8560331 6267300 521198 1447439
20266 6877747 5227879 5903953
3503453 6254781 6611749 75544
2935878 5804564 4190183 794039
3619870 765477 2140953 5592171
2735553 2627411 8824523 8133620
9584787 1046006 2701668 6086265
771547 8901706 7585294 5160039
2476266 5317370 3383679 4692496
9978959 4799579 2376099 8956210
1763554 3542664 1400883 6755780
2740357 3851265 114314 6477794
7969525 790555 2882800 6279305
2815839 4378155 2897542 9364039
2583534 4537884 4648677 6802493
692092 8224234 933351 470793
267360 779904 2496813 435129
8218107 2077939 5339830 5533678
7279991 1083923 3042000 5492230
526212 5258539 4544564 146549
9394361 4970990 2018025 739514
539132 7227594 9134588 4628230
2438195 7259718 661486 6361487
7639346 1627226 6661402 2082560
241657 3899393 3497698 7116332
3032282 9831857 5728202 5754325
4283102 7938840 9638764 2803013
8324308 9674790 1654936 7689498
6852970 9472874 8553659 4995068
6348820 5467382 2483906 4899595
9148538 8599278 7859345 2832832
845214 1295404 893495 1385935
1342420 3563549 8739356 145187
6497595 6658460 504918 3589485
3100571 7565951 9352958 7354618
2392073 9623868 1200813 6763202
2604119 7111555 3910524 9173298
5780319 1229917 4709312 6299738
344558 3569386 8261895 7917014
6667038 3425852 1861417 9884620
9225208 4142113 7869553 2731519
2232577 721944 7631631 6767485
9161502 8989230 72238 8249646
1673594 4057025 580226 4132457
885339 4325455 2565523 3108690
3783765 1374764 9971224 4985226
1089301 5548624 314647 1496897
8564885 5124024 9859493 2769172
746120 3897607 824952 9475319
2319554 5517906 7881135 8285016
4254329 7348837 834423 1195796
1910061 8175915 4010733 1475438
8187888 3552213 2367252 4000097
65078 9895273 6265268 5010089
9540802 9841991 1435636 8676977
3546003 3856061 9093589 6501825
3952998 7210606 2868379 6167675
1381959 646436 3064485 2951469
919800 5687854 9266074 1109144
9736 3299758 658032 1766734
2519956 7561248 2752403 6513589
4781942 2982924 1150675 8438581
4214346 7860442 2314202 6927283
3435700 4986286 8586957 495570
2789132 850014 1526353 2596161
8740647 6478616 6471224 3061618
2933319 5427358 7168090 9509809
3611959 9113701 4345467 6435534
1630626 1893774 3507165 661319
1060868 4507180 4108518 4955770
742630 3041304 4426949 5314614
181451 5294484 9070466 5615640
5607431 4522500 7247333 5936032
4758430 6670546 2668596 1355518
4995929 2523438 3332606 689954
7304080 8274717 3193021 1733087
6048004 250592 2066881 4803570
1554734 7908609 5905896 6722010
4137311 6126703 2660661 7574049
3466592 9210027 427525 4677157
8248525 5459233 8096471 4555985
4940971 7848859 686097 8040083
7118624 7325795 2720885 1391758
6831946 7276312 8272457 1846280
3607656 7398857 1414944 2093943
9803111 5503459 3093724 8425078
3273218 3859660 6971813 605497
5224973 3968772 72909 2051412
8384511 9705779 3688775 7421334
8868341 9337024 6891156 2607526
9999375 8532876 6685680 8291228
4550350 6043778 8126239 311216
963875 2822013 7173977 5108779
3841479 2625182 6975921 4869800
8948145 9070639 2719752 2769933
3236793 2847263 2204584 1567308
6559861 6395785 7447277 3568466
8654028 882894 1456955 5824205
3406517 5116751 6598590 2043703
4861923 6054661 7560001 8224232
8481149 8716476 541464 5198908
262191 7263246 2098149 146963
2457784 7836224 698698 1713603
6157423 4662215 4692682 6065562
4764421 5733265 804975 6294968
1017475 3676658 3624131 9461030
4490861 8118013 8084461 1571079
3792410 2559554 3610666 1569579
1425652 7485342 6715388 6240310
8215689 3446832 4978600 5168679
3039827 3848788 8483420 5232497
8374085 7726133 7604080 8622009
9279329 3224818 2906695 5888798
1738896 4749599 5893647 2377298
536404 2826682 6829469 2230574
6905647 229399 7747167 4731396
8428585 616004 6021606 9412213
1928399 2385554 4700387 4358618
7840136 7581160 2059630 1193151
68675 2107900 2151725 4938481
7037335 3412498 1360211 1075328
8223871 7436134 3951133 1990745
6469171 1128955 5363598 6248779
1720921 372600 1359529 7207405
3695257 5200101 3321354 1432621
5344359 7586569 8835251 5258955
9750447 7742726 2523015 6915713
9493938 6241182 4003252 7810432
9823136 9651297 514866 7607838
8032828 2738989 3607566 6003741
7641842 9238624 5798843 538388
9388932 7203850 9114323 3569536
3902946 5866526 6016936 2723730
2694153 5726105 6468659 9517428
4597711 10696 1747929 8366610
619052 1260377 1913608 3654314
4784181 1077060 1877506 9811108
2249920 1934920 3091637 8904055
2999407 1432362 3304063 8344216
4614834 3348670 7106396 2447737
5997865 5183282 6267159 1724681
1056013 5693797 3397045 4910301
2452484 3793551 4770573 486149
6955529 7603525 108015 135319
8550521 4561075 4281190 753266
2321917 3786503 7122992 8455159
5255179 2381785 7435822 5514208
3925740 9949743 8736833 5532256
3769575 7306746 2530769 4633908
2223535 539782 5273145 6423496
3236803 1116085 6294630 5091000
3694985 1964918 8400871 7410191
1830805 5784193 1912997 1744898
4986116 6567124 7111603 5415562
4461112 6259219 9118610 72831
871767 2011958 7107267 3355165
5343968 2045508 7995989 9699074
1179497 3396528 8163381 5936040
5590996 3597103 6850056 7643089
9679951 7294115 7335719 2469002
8974576 2683267 7179706 5184566
4070618 2964375 2292043 9935378
6198987 4703923 9453838 2379513
7475613 5483308 4290387 473195
7387170 2672169 2978682 2638981
839819 6237815 6723552 627679
5362375 3682899 1520873 2935880
4362674 5749854 3714310 826300
9944676 4737853 752075 4991384
8852206 6588124 7579111 8752541
365548 8901161 9840842 4453296
9134771 554960 4769838 8016458
7382983 1572977 23226 8579427
2689578 1026150 9259734 4823063
5591728 5538655 5103059 9646120
44983 250282 8582780 2429606
9254555 2209296 5893122 872903
7312248 6311165 9584907 1658105
1461459 8560697 6986071 471345
8292621 8489998 1967646 3676128
9531681 8314423 5630149 5446634
5742635 3631029 357485 2311017
3327051 5388837 8529595 7439239
9917150 7464748 4268971 8207865
5246928 2717784 7057760 6194136
41409 9234660 8454048 9676965
4852733 857668 5319155 6876167
9315270 7972232 5005319 3806964
6821584 4193786 1226621 5710904
9196809 7149221 2526978 4355593
3736989 3198833 94496 3483932
50349 1221003 885550 2073380
3338736 1094079 6971021 2874683
1091843 8113502 7668852 8105441
2850242 4186354 5696542 3132489
1349668 3238415 2277431 3550608
4045330 1467946 1058115 4646846
4096153 6442143 546205 8621323
7559330 8141685 3934256 6350171
876412 5175529 3620491 187908
5457219 4343397 1561785 5729666
1948369 302255 9050807 5052046
7176745 6681350 8490040 2454935
8618645 3302307 8708384 4695858
6632158 8931277 7811265 8117667
806446 4590581 3957168 3509769
1219563 3094852 5013616 2005588
8759245 7678096 759799 2173300
3237909 3064998 5623334 8725196
2085492 6080677 5979764 3836296
7874066 1088495 9549222 6842999
658832 6743294 2858609 1780054
282942 3514778 9615607 7349904
1959327 1491073 3127806 4456054
8127944 345790 1798612 9755787
5799300 9662624 312034 5596456
8650447 1503683 2583812 6263508
9971470 3017872 3087627 5787044
8053694 2704079 4142382 7406714
1978642 5690934 5236914 6289325
1711286 1655638 680130 8441812
5371661 2939670 2912551 9771696
4622072 9091453 6224749 9210575
4241016 46184 855236 8614872
248738 544854 1401664 866036
1056673 66433 1527183 6582979
4823263 2540745 9842680 5848307
7523342 48639 7459248 9433059
5013009 9525380 6996712 1362953
995868 628775 8677233 9197630
630249 4233859 392749 4687467
2178239 9697426 610186 2712373
8433457 4288114 5721540 1951963
6098788 9125855 4750612 7667093
340727 9027902 3008858 1727637
7781536 6237524 8016293 1497159
3037522 12910 2605445 2800343
2226117 8838371 5820331 1969896
4824441 1437044 4998356 7613228
1521359 7028947 9781971 3145570
8077268 7295839 157217 9223355
929209 6116649 5292260 3570425
9783478 4729631 6579833 8444465
3645467 7162207 5405299 7285736
2678516 7179412 1051123 6884771
5762524 859807 844315 8829468
491599 3440647 7335617 970443
3749974 4631580 8309498 7801858
6767815 2870337 2789780 9460581
8246342 4159945 1170495 5612787
2016763 1485345 8946445 3752068
5833914 4835211 2704873 2310336
3880450 3109839 7226137 4114379
2880682 977418 1063972 6223962
6094154 2664669 2184763 1520726
8317870 5244849 2356149 5903822
2540021 8856623 6164885 7235226
2872287 7857693 2451771 279289
9888385 1984238 674958 7495964
1249497 7287290 4812999 5146756
2225437 4123878 9075451 6490519
3834302 5206530 279256 6683005
7548682 4886094 7409349 4362745
8110049 9639309 8591473 9993950
5749435 6420198 3679301 4032995
668522 7390737 2664682 1823739
1082109 6022043 7415849 1262061
9367911 1943634 9259094 1186455
80421 1868101 2022455 5746082
360640 5530213 9668862 1496769
5317506 9482765 8334143 7625137
2716488 5708558 3006370 5482941
9901272 7137003 718418 1669263
8592530 7322398 9172748 73578
2037841 3089613 4994751 2168218
4310466 8619520 9596647 3503085
1169775 5076164 916002 3815608
9577538 6188294 5207588 285039
4975883 8496990 2351629 4191682
5645608 8696675 6874971 104904
1574496 3870622 3008263 8040783
7409519 8275989 2263744 1312030
3260229 1996295 1441222 5662423
8265481 3382500 103014 2982952
7483554 318434 3018395 9012088
4295509 4381718 8422312 2441742
6255662 7767598 5243997 4168760
4157216 4499185 3222877 5132118
2883545 2853277 7922084 8990051
1534345 512204 3681059 7091644
6024187 7013343 8786240 2645611
1739594 3151877 6779239 639296
8489739 2098253 2509823 2837252
6202615 230398 570213 4323347
3027094 8251080 5987515 873957
5600856 6951941 967254 3546168
7472934 8575062 6658267 5171704
751860 1137651 4972091 699074
1927224 8900265 4170588 4656185
509835 8353295 8409810 4050725
9282815 5214091 2796336 8781768
1170423 9033572 7167540 5468810
5479997 6015203 2651213 9637318
971152 6257850 3218619 5406529
3434601 7534998 205639 1709536
8031892 3144726 4781636 8002866
925046 9379073 2708289 1268730
2624838 8438086 419187 7729963
6139152 9818757 7909434 5702630
996407 3335114 1542058 2866267
4373424 250565 4042467 9297665
4037081 1222556 4456855 9577083
7586320 6013496 6889441 2318831
1639962 4732133 2086804 6617785
7189573 2670436 3806912 2397064
2924152 1969301 3900047 8635107
2724838 587555 3059879 7361118
8689598 4264011 2248768 4121972
9390594 1952845 6748886 308728
3403933 649048 9590951 5166141
5838435 2578142 574737 4707197
9005294 4279572 6745824 7139777
1340992 2399468 4238760 4474701
9208529 5910645 5892901 3098859
25278 7234487 4760297 4151860
911284 4826583 2838242 6101394
8460060 5436178 330263 1937896
1178433 5856221 3977634 9154154
8856818 9968804 2738932 2669895
9286601 6444343 1627070 6985301
1203454 2069716 1659377 4716522
4689146 1001836 9796001 8129601
3434491 5834719 1939855 8460879
5046057 5386081 5644226 9727020
8620809 2387176 560488 6472892
6156317 2476803 5237463 7232190
6430935 5699993 4536645 9414361
3460122 3621091 6151259 2348140
3371041 1830473 7289054 3938867
9112983 2038709 3562406 3301582
7582913 6243859 5713997 7098089
6432159 5542542 8589659 27369
2592048 3964628 6751688 1463045
8980318 8873466 5120956 1024977
518732 6335586 3589598 6558072
6497533 3254744 3351849 8734451
8697510 9231647 3027953 8822184
7898276 6895490 3951597 6045563
7634476 5334363 1548517 2155689
7076915 7588067 4993265 7502665
1636113 1404784 2625112 5220352
307277 6875173 6738964 6228399
9906913 7488157 864226 2403365
6211903 1479043 7644679 5594570
2019775 2744786 7195407 4326017
4149382 7019785 9592352 7304385
3523730 5421565 5373177 2208749
6834774 7772525 8776804 8080533
3508354 1168604 1819118 7810171
2605285 593604 4988595 7881136
675854 9460601 1019933 5757378
8432483 4612770 9859831 2702951
6434307 6606585 2135770 8642686
8304652 1698582 4490833 5796446
6227033 6578654 5561087 5314796
8026118 713687 9279020 3924090
8366047 3467931 7013092 7774323
2098210 9368243 6398048 6254493
7996432 963536 9197257 8176770
9482815 3397531 5403979 3794341
5603928 2481644 3977401 6093957
4867939 1257199 1085210 1299884
357576 9266053 5852068 7709569
8666610 2276524 8875806 3704739
5008721 1818163 6165661 459743
853497 5235875 1939963 3533023
6204343 6090357 5138092 9449535
7562730 7276913 9733220 9079406
6192910 5607526 144435 8698238
7271021 1477208 1788821 5248483
7343639 3597602 7574449 7652771
4614446 5105066 4207333 7351986
6053817 8687958 2917140 4063455
6429842 602610 5938202 4828227
4582595 1652385 8285583 888045
3138104 7483867 1676012 1256774
3073594 9403673 2031801 5667219
6500812 998593 34359 604616
2344919 2050626 6643608 5461703
4393299 9478617 834640 9735790
3860863 4386127 3522220 8112805
3162978 3008873 552379 8664096
877999 2053532 5498378 3911857
5310327 7307661 9471876 3941514
694797 2716105 8684793 9197775
6617465 5563942 9273102 3676319
55693 2170421 8136773 9252223
664332 6082424 2395907 6195014
5877234 4684529 29696 6083023
941543 5845870 549015 8579876
6187635 6010744 2973595 3491411
7169942 1728782 8533395 4388780
8963012 3364488 2517678 485344
97400 5211845 6347239 1459689
7034871 8567140 9299429 3541241
1199567 1333075 5777558 841832
3656942 6267853 4329213 4544174
4480090 7284068 2229080 3509816
4448070 7976200 7698092 2592939
424726 757474 3928272 5691376
7821946 2830852 2347455 3226291
5292950 645471 3777176 8771727
4098648 7001827 6323554 3854806
2706379 6155468 5328170 4904744
8971854 6803111 5326287 5587544
565857 1797498 4710806 9216206
2245070 3588910 4965387 5534944
2568811 1424825 474800 6795754
1947176 9264278 7429555 6468137
3758302 21341 6389329 4402105
5359570 8750658 6337907 3934074
8821152 7523175 1298383 126650
6450756 6940451 1562800 1717306
2200738 7783195 2270826 8894897
6897799 1829305 3873347 5574064
7024559 8190838 3954107 177192
9239343 247628 9777710 2833998
4463387 4258344 5923237 5252724
7040586 6214155 3919644 726036
3961141 9338298 6122243 3480209
7240315 3294859 9148639 254122
5511062 7395999 2269597 7509479
7092486 6975914 1238135 5213895
9448888 7242224 1063611 2132448
9260245 3103059 8120098 903510
4426060 6733516 1957807 3797477
3090395 1790310 1768896 3374274
4890240 7268579 8232902 1840380
1732421 2244045 6330869 4327725
6910140 1115922 964692 2748024
7513432 4515055 5925198 4640084
7951446 2485084 4216676 6334496
6002875 4777840 7819143 2080447
4454106 7943588 103381 4638720
8595245 8595805 1699778 3908797
2863965 4748244 2920878 2129453
9355347 1763989 2546512 8948776
9744926 2337625 6038757 9840665
5256346 1115165 3448452 8094306
3376234 2954823 1746864 2374752
7832022 5322167 7978247 4921566
5297372 5641095 8014955 403616
5295327 3707241 8324923 7642477
4746681 7508245 9936827 1264210
4143850 4833933 8530974 2027097
3393283 4515048 1239170 2505045
6766877 1390036 9006368 3175977
6373374 2931342 5559702 8573347
56148 2771723 523740 1157525
3467488 4830495 469290 2164849
3391309 4636460 6974378 9475956
2228635 6521561 5454093 9153175
6406637 2198050 9020734 6796461
1893839 362163 1577742 7365324
1154107 9701907 6021553 3839272
476999 8015085 3261383 9993728
6207838 3360934 6231733 113698
275602 7732958 2967303 1744911
3724619 2229459 7667908 9509083
9788297 1385885 1909584 8539688
5803853 6982827 5003289 2284438
5060044 3258402 82740 8055151
3285601 777835 4935374 3717409
9892801 2246874 2971005 5397394
6160951 2251830 3320131 851566
7552365 3136513 2220798 893218
8102344 2586892 5547376 8522952
1146351 768513 9900112 8375392
8040924 4197238 6747942 5245212
1800904 7087500 3657486 545804
327957 4789204 7406124 7411954
4233187 2974886 7207283 5469132
9976148 9833000 3516063 4095389
3010352 6253344 1696812 2529496
3543280 187164 4654699 2191436
7160514 3521664 1940418 5670960
5490998 3185900 4914895 5148268
7181736 8753772 9320741 8329638
6420036 2095749 2287721 6175145
9547831 2905736 2837795 8892692
6710440 9610562 5362059 4101356
2140924 9293877 3428292 901532
2546450 8579009 2368470 1013096
726165 4408831 4501895 6519594
3784150 2651357 3568149 7389246
5445104 7839622 287240 4682115
8941309 2305738 6979781 1959869
8430846 8673944 3872033 9303913
9457390 8664047 4244879 6973539
6483665 9515462 6260934 8577678
3423906 8422814 4844665 2811228
7317498 453942 1737922 9653059
7568237 6053765 1469471 2389240
263356 5152399 2812573 2519920
1527699 454002 1986514 3047412
1179939 3935080 2739390 48702
2895895 4695010 5878902 6486868
4416677 3773650 6012102 9352809
3796038 5727971 3098408 4220146
6971076 9792283 706866 4774111
480522 8549230 7194015 8837416
7144991 7283500 4742293 5814497
5567937 840651 958716 6507717
526804 3331662 2687932 6244624
9204280 4037487 9242331 5032635
8842564 4612806 1911593 9949507
6838676 9136591 1127456 9409718
7217711 3386988 8479464 3494035
3477946 2733327 4421736 858532
4900853 821598 7208480 6575938
9381259 9552053 2161449 9749815
7176679 2535942 1505542 2409533
7494180 5596797 1719719 4188435
789716 4811801 9590567 3467174
7199722 8572744 1075198 2744177
2449603 8919544 5239023 1764621
273018 5035770 9490735 3205433
4623337 8571666 6085148 6989082
5891887 1730676 8505994 7931708
9163960 6075197 1115012 2768078
4205961 2112725 3338209 2867726
6472891 4716647 4207661 8648231
3524478 6780495 4568215 5690970
2887287 5117724 4683446 9657931
521721 616447 5503964 4573445
7158012 9430555 3446256 7321015
5130377 7695695 5953662 7883171
3392408 6747168 9264623 434178
1050840 1790474 4888766 51220
4118463 8876580 9034890 3847233
4206846 4932877 3166772 7977465
8389014 6666777 8642728 6307943
9088568 7891043 293879 401980
8132706 6303679 3671853 5670735
8834862 9983276 6524139 2070875
2459888 6349257 5690360 4358391
7826549 1327764 8462182 8115620
2258274 941971 7602789 4968209
1957638 5886563 1144560 6610501
6767933 5255672 3407843 4495291
7697435 3284957 6553480 2876217
9391112 4553408 9970122 8015757
334936 2095571 986788 9055043
6381518 153571 16067 6555418
7510617 4885050 1352388 197760
9741205 9930616 8872903 2712701
2414649 9688396 2967212 5001224
168820 9335422 1414410 5725946
978343 8305286 8596638 2817463
9190098 810121 1380159 3201167
7927837 8178138 9536601 164641
3950576 6431391 3702131 2998262
3980167 2218927 1518479 3382523
5763844 2722590 9458954 7144743
5637103 3896485 1538903 2216231
9855447 3263942 332293 8368995
1156020 9021313 5511285 8060552
5299187 2620034 3794939 96752
8109353 6663500 8280962 1270879
9520234 8603951 295087 7757666
8946522 3738506 2086736 1664449
9436367 160470 8675333 4741298
1676093 29687 2538986 6930368
2654843 6266445 8022265 8279689
2947123 5481303 9926321 7840166
2800077 7096484 3635352 1765672
6929046 4572388 9606929 2689341
1516685 1815819 9904445 2476774
3146479 8028402 8972579 3407815
2255606 6235666 7044369 8081790
4809402 7780720 3147253 7071775
7258558 4207680 8602120 1919341
451954 286588 2451017 3799983
1598783 1386727 7465708 8744594
9395556 8674335 9923659 7490543
352395 6121322 8714410 9076852
3566628 9580472 9234700 1351992
3899076 3038310 2346373 8802604
3826529 9391990 85989 2877749
28491 7915090 5512285 6127436
5301754 8985529 6458725 6354636
200177 9543384 4433645 4624528
5079169 7842527 9033367 9305170
9390720 7067358 6810496 4923697
6723029 291502 7104114 6905917
6993644 5137454 5479549 3871521
6871667 6481761 2543919 2725720
3313506 5991905 6158552 3266131
6695426 5453722 1666182 5144884
9011662 5472876 4595323 4557565
6147917 7776403 5210850 8520901
3340534 2714688 3480529 4627190
390609 9256085 5544467 8703490
1256860 4471822 2480182 477681
423454 7954442 2988610 132628
9297960 7374833 82293 6811495
7957862 4194212 9800440 9870145
3628991 9714998 1913676 8880697
7767085 4933065 1112259 1886356
2342076 3293422 9275107 8671848
3951727 837925 7703930 3491055
835648 9463363 4703412 7600991
6716462 8225855 7902799 8658894
2727676 2109600 359437 544404
1975221 7091073 5483006 2875494
537487 8325915 2857019 1629963
6283992 1549588 5470043 9546722
8533341 2818597 2578626 666484
6927500 5385862 4811714 8705349
237916 4561663 5315192 2403869
2052160 4798321 3786701 5988724
5027007 9880780 1251106 3552830
5751769 4199706 581034 2720543
8527321 5974406 8566538 9393196
1433663 3410336 7955098 3744865
9142765 8928332 8822339 5330072
3387340 9189916 3955264 6537199
3213318 6211414 9696545 8823549
3987639 7992641 7716665 4198009
8658584 3598 3514271 6176074
2967889 7884563 6997200 1261795
9012687 1953658 3591628 3029942
4715537 9149657 6732873 1981065
7456071 8632684 9846072 5520450
2956286 7889941 7729333 712295
2217118 3750094 7815151 9032316
3146611 5868618 1461583 4757240
9809675 6022211 5855148 2850557
2066248 8616950 8737962 8819963
6513615 2603428 8746951 3858124
6518334 361949 6410695 2934536
6999826 513542 219767 6918311
5132596 282264 6196403 8626479
531841 820288 2418194 4347960
6473602 9687055 2453748 4395301
149003 8834989 5735714 3675852
1328013 5228717 9069709 2797301
7655301 3196522 6348646 3947766
580224 4647330 8472845 5351851
6273442 1137799 7124564 5052959
6667053 9476321 7356226 8917091
1967453 7566923 8637163 9778072
1176202 6300568 4446600 532316
5826277 6784696 9451541 4030199
8707519 9552839 2244203 2488193
2409765 9511027 7861074 9289657
2658904 8672207 5611832 6509401
5677369 696514 2930333 4137870
5088618 4761542 8390275 9413881
5166278 2969092 9744165 5283327
1078839 5740657 8653443 9054279
8927318 6609389 9666842 2893581
7682805 5434476 6654268 5556129
9247522 7066089 4962508 5311278
4881939 7971653 9295288 2632954
7984476 8140925 9101897 8696815
4669895 4658130 8842976 8464680
9977644 9056148 5983128 56760
8834167 3638092 3439330 9439230
9701070 3474770 4383761 5801933
6762033 4306333 4505951 3194621
9454810 5095459 9120357 1565816
9415869 1232927 947444 9045283
419955 675076 8462618 9435402
7110975 7743732 5744408 8022822
2262319 7495260 4726108 6017258
1977338 4754671 4116013 848433
2303415 8361204 4900544 2650166
2877659 4305035 6236953 5522871
8907200 475522 6210847 7739341
838695 9172913 3477344 8540226
5431081 7354811 1052845 3893870
4359282 5665543 8838382 9070457
3153371 523338 2306825 3206250
6987997 735693 255463 3263143
2678068 8631000 7735697 8202137
5259456 8937876 895861 702208
3580130 9072556 8569308 816355
7886831 6587643 2158529 4995009
8610330 5953024 5054793 2409935
3432328 5831883 16704 2938314
506830 4285974 7124386 5110005
7757687 9577697 5372171 244609
4120440 6816890 1774021 5657580
899160 3587359 4313311 6169842
5589030 4510622 8097264 1978336
5409925 435181 3447789 7992100
6347865 3925236 6574497 4590720
2667512 2737719 7743924 5137462
7022033 3313268 1554864 9144072
6774706 1714938 5710019 9807934
9850223 6476651 1325496 7461585
6447529 8148426 5892555 3932052
9620142 9421669 530949 5136372
3483939 4429913 7009551 1288459
8194782 5015718 5048031 2037474
2617578 6350153 9046895 1056086
2941508 9129747 3939227 4626621
6693669 6693682 6038495 2955348
3311719 7243240 45924 2817502
2593467 4112990 2174724 872262
6445246 690764 6399177 2512503
8282017 7593409 2447446 9905491
8917956 8476645 703892 2421966
7436837 4694060 9479109 6431446
591863 9931243 504572 1423689
9989098 7913162 3776986 1647646
8848226 4149222 6959188 7232180
876385 5084753 7030309 6593362
2538176 8567133 3773791 7807759
2643539 3673318 4793634 8317796
8002728 448857 5814186 329897
1009893 7544860 3710133 1337097
7309998 4270145 3943090 7374567
2017910 6244079 621528 6753125
4120349 4297587 8292230 9226605
5272015 326040 2438253 5341209
6871439 7463296 4161071 6377825
9691399 181519 8651938 9259647
8958431 6290384 138678 8325476
8529051 9945000 1760826 360803
1014099 2181303 4960084 8155409
3098319 3781396 9022631 2672502
6084517 4291354 1358637 6759927
7656555 8063080 617870 8794289
9233529 3392352 8947468 489881
4714236 3456452 7681736 1552027
1796085 7257820 7759667 4904222
1104116 2972628 3380782 9665872
3990861 604500 8148010 1046872
7971246 8583683 3398856 6062409
9376748 5804466 4157437 5832059
8098181 503985 8416320 995596
2595980 8700516 6662774 1521773
4725726 1038087 4222438 2611597
9708739 4294196 5384817 7833073
7877906 7552451 2560949 4988027
6869078 67922 2966210 8714312
3197630 8194118 5572660 9899390
6617674 1445334 1414281 9091957
5013171 4325785 2212299 3325328
9951824 6985761 5517219 5971928
6365934 8860527 8285503 5024250
2496540 1701070 5157517 4944952
3871596 156243 5507957 273898
1840298 5788565 983030 7990520
8342894 1289568 4748778 3189995
6935313 1917683 8345322 8122683
4990094 9333966 7538461 9288201
1783 9278836 8918687 3839832
8294623 2487342 979788 8639793
8497002 7022891 3650810 6004198
4673155 4485161 5114030 207984
2541768 3354481 8972832 9323901
2746454 8657217 3981625 2338156
8359527 8119563 9419474 2452456
9923993 5583001 5818639 7101252
8996569 8861512 2243345 852297
9115622 8321468 4570641 4060750
4712081 6493734 7647575 654392
595246 841384 4878485 9032309
4143297 4453693 1470161 5874577
8404107 8572441 2411428 7868582
5992811 5701327 7421724 9683918
714784 8195588 3931779 5840729
6974993 3517014 7887744 2536840
668445 7439542 2475159 459859
3714295 2487320 4072688 3995889
2749039 4313104 2568759 3639074
7353268 2553914 8410576 8987740
5149170 2758176 6425300 6277511
6781257 7910407 5991 8040825
6657159 155649 111619 4714736
4178278 3180870 4910086 5573075
5188261 5075861 5953557 8199366
6313484 3988813 2378221 1958212
5751815 6935381 9264389 7240253
4708597 8036739 8090319 3913130
7314309 4888316 2402026 4833359
90827 1777697 199044 8398551
3101194 4240222 182545 8924386
1922980 5697409 2019295 1456587
7843355 3197607 2671976 1937429
93796 5034111 7223672 1101462
2533780 1457771 7260803 7766235
7406415 4606263 8936025 6027458
8640011 2893855 1378822 9477909
3242761 255069 3015325 1475387
7349266 8102735 1177689 5771156
7830861 4186809 1012617 6523561
9655216 801966 9413219 1011325
2648757 6205884 2624274 3245266
8757978 5523155 3826684 2305800
6066421 4960278 342712 4256273
3094602 8688732 4081013 3994726
8527362 8860452 5173284 5567634
1216889 280338 9595866 6721384
56198 942057 7829620 7324172
3316166 6806763 9330273 4406040
1046791 9642761 102484 828806
3770157 4692110 110521 1887454
2779792 2972318 2006386 3958676
6525879 8492510 2245700 9577931
5126426 4189718 6584349 930363
2979507 5792784 7045699 7590637
9837636 5103214 5767238 1267625
9388382 4585630 2456080 6043151
7051005 8767225 1333295 6503752
1550521 4725886 2701127 9809743
5916302 4495767 6519390 6598058
3222595 3679017 371719 6405377
2942316 818909 2236412 467048
5211993 1036442 8589673 7569271
6360868 1964392 7798234 4980751
8021326 7946862 3487818 7562298
4553975 5846592 8838190 2624289
8996805 7139392 413476 9922829
1365325 5003620 8093377 5577390
94100 6330342 7842977 4627406
5440324 7702060 9754851 9445951
9416506 4614477 2212930 5951001
4274930 771123 9716595 3996145
8155964 864422 707609 9823130
258446 6893410 8028461 8368476
3094934 6327434 9565686 1387041
2631083 820716 7913705 1407140
3100634 9829547 9188902 8172736
8562192 4136744 9760000 6892583
1974565 3267498 5637714 8715331
2990051 5786565 4984169 4078450
2079664 1013473 9076544 9480038
1899055 2908600 3983616 6668635
3043400 5554594 5342906 9089843
7342242 8876762 3788886 3726012
9655788 9594925 8975698 5831184
4974029 5168912 6656137 1676583
485551 883726 8015760 5933648
832786 1656421 5764420 1193844
7780645 824102 6285742 9728422
885170 8909603 5624230 1020895
9247116 4016315 8312344 8964335
2980547 9436219 9288282 457696
6707053 8712131 5139655 7651215
1024479 7846229 2595269 2610904
7446121 622246 9389863 7676664
3111637 3482472 5671642 3802720
5444685 7095326 1595543 8209038
1051214 771613 7970737 3687067
1689204 2360386 914253 711082
107834 4040459 9548901 6455600
3099492 3737708 7221214 5188592
3861352 7142335 523616 7878157
2180561 3806031 6878139 3108094
8925468 9798831 5035519 7444025
4327667 4057315 2467790 7055966
780082 1670943 3825243 9238940
4204816 8111885 6210617 5858464
5008099 9798906 9830144 1446122
3067378 6645251 6537309 2844843
9883705 6798829 2591323 4582451
6627981 4462958 9759378 2133039
1373724 4359842 8331332 4749737
6829470 3806162 5990220 1227607
4994105 1305469 9101293 363726
8449916 5388693 7650270 2358061
2131384 4182229 6865358 4672634
8047521 3377186 9576724 2046053
9148255 3084924 2446264 2564523
6848796 9469949 6670896 5615707
6188576 1360222 9084985 2334161
8109926 3753883 614199 2906936
8144927 7721469 4353599 1859336
5907567 3030327 3362999 1861723
2425983 1779737 9207612 6922151
5420087 2275271 1386920 5730674
7515502 2473482 4820860 5600211
7531289 9504588 4322953 279818
3091264 1061206 3621301 3289847
5768667 9757496 2201126 8906285
6748550 7667683 8903336 573511
8151091 2774840 7553072 7777055
5476490 2390175 9707918 844876
4394576 1537452 1732178 7744539
3717099 7273699 3078093 8369675
8511018 7886719 6954537 9249586
4851171 8260495 8080328 5848792
5423117 1066902 3322228 4218601
9751480 2179252 2116814 733640
8374929 5506511 8552896 5301944
1694850 2686864 6626688 2048486
1175464 113794 1459790 258325
