100
645637224 8
397815246 8
239758591 7
152472214 2
485635752 8
128947635 5
938124675 8
311384311 8
665595968 7
284675191 6
3596920 776160768
428993752 4
796354812 4
342871569 7
952970714 2
399469166 8
774997047 1
534968712 5
574918236 3
564999511 645561291
791543286 7
171222224 7
319647582 2
241573698 8
791514266 2
634817925 6
163945278 7
537169482 7
593467821 8
425250489 1
951871465 8
129168849 5
929177472 5
574829613 2
521887996 5
576321759 2
216854746 8
1000000000 458679894
1226 960782750
793986283 6
439725861 1
185479263 8
674218593 2
429586371 7
145261183 7
926036924 4
832914765 8
576599420 3
57692953 5
722985769 4
775750 616673387
201812533 7
545661318 7
377153529 2
939527878 5
682571349 5
632941927 8
251948367 3
687392451 8
492156387 6
742835174 1
531782496 5
665428383 5
139846275 5
746242939 2
176941551 1
553744355 4
66 549155394
279368154 1
334495964 8
9 347508634
738495162 3
256187394 7
111354579 7
917426385 5
194220992 8
233794842 4
952743681 1
125753760 3
751338105 7
849621753 3
198932377 3
239854716 6
674 456282122
156397428 3
718924635 2
543725554 2
897586279 2
939341593 1
346291785 8
765182349 8
599197383 5
29661528 5
922522472 6
24020998 456910391
296761682 2
593672184 5
572068556 4
756849213 3
27325 909340927
