100
96
2510
99505
66667
99681
92378
56
68
66277
1785
99785
66259
98670
52
54
98
66289
2805
94
96135
99699
6545
97051
63
96577
40755
10465
66511
74
81
99671
97495
76
66559
100
67
58
86
88711
99905
88179
66421
71
99295
99385
97643
385
84
66427
99015
1365
96937
64
99645
95381
72
90321
99995
88
70
99849
84847
81719
94829
95095
97185
98345
82
79
93439
66331
66581
99663
99831
11305
60
6270
90
80
93093
89947
92
84227
66389
66299
3135
93869
62
99
85085
92167
17255
78793
97
5610
97867
75
66659
66641
66203
