100
99692 4999933 19534371 932043388 882843951
1 1 74555813 1051681267 602700926
1 1 356774565 822633486 652307491
21212 3921304 230998460 464796894 835118549
1 1 985069357 609441994 816940505
1 1 640078061 640676612 579727924
1 1 1049724109 212416273 423411911
1 1 329251472 38196364 316193416
1 1 242651934 61152701 153374691
26362 304310 428933872 515235778 186807918
1 1 867994421 321605693 114679139
1 1 442460923 82386742 927074111
99641 4999479 583628753 629900005 401451820
1 1 589202561 991840979 310733558
1 1 765964348 772191093 942705063
1 1 188535485 310993686 873369217
1 1 614444871 313923381 752784595
53304 658482 337275260 525358015 1066710763
1 1 738095552 248060850 648857832
99295 4999060 65354086 626400238 364812651
1 1 558178340 323976442 632468032
1 1 818456596 874535188 162663425
1 1 719069488 708073180 688257967
1 31175 40909512 741231812 211683252
1 1 172320835 864269199 201485848
1 1 37881466 201193657 1071474189
1 1 397566161 265670965 18234404
1 13 378972421 984478262 1059342623
1 1 434780149 201150006 500774533
1 1 27591004 366215434 704548320
1 1 216044892 1025092869 532100142
1 1 462383863 331960823 880007833
3448 650019 479295685 769101781 301669928
1 1 26409043 44572539 618759953
1 711 760495047 868757508 228398624
1 1 945094231 357562008 845612173
1 1 519854533 250657201 561160704
1 63 824030883 122491705 949428323
1 1 914205571 550580580 60910254
1 1 252164253 637671237 1020161559
19 49981 954152641 206254862 345949062
1 1 444541046 610088528 1021256829
1 55 127562730 283880030 368155055
1 1 451715850 397463674 826462181
93094 1790331 633894863 172233398 530023507
1 1 785496277 259921026 170609919
1 1 143345780 592359254 514795432
1 1 783473938 477535671 1017971328
1 1 893111671 343914156 921423164
1 1 62860914 885491053 1015439193
1 1 323410602 583579963 418763698
7284 1988761 37904854 491841233 732994448
1 2 270279048 712312101 223976572
1 1 270162737 387610713 121211801
1 1 373737483 804097093 682646391
1 1 1034669128 88510190 734337725
1 40 43135771 649021046 366605495
98806 4998577 975891036 539071159 918268802
1 1 542493953 845613528 144520690
1 3 342204995 108083612 264610437
1 1 350748424 737983962 504080599
1 1 4923363 761423215 1034741531
1 1 347301012 572355048 753888507
1 1 419879262 374141662 49741214
1 1 132620362 753172748 535010485
1 1 229131266 192968849 454241148
1 1 742636994 625339625 880589099
1 1 657542660 171274080 822325001
1 1 31942754 100378529 1014852106
1 1 315426173 502058634 998218865
1 39 247195038 1040346663 262801241
1 1 731913028 707117139 167787978
1 1 187069632 674080230 1053806128
1 1 523724952 296483781 950055240
1 1 1003862700 25603651 274098631
99783 4999998 601621091 742203471 217123596
1 1 225079897 514328595 548395188
1 1 80728860 896309665 314971574
98263 4999255 772140129 679165201 539225628
1 1 65996675 632872156 895065937
99406 4999851 335402880 1051269690 272287768
1 14828 26737913 722961460 420824674
1 1 241948048 399589174 753485436
100000 5000000 460109859 1009502708 316765077
71 505857 931255 599755538 375183252
1 1 795202959 750222896 275813009
1 1 1028292017 170341291 859666840
1 1 122860668 30920259 28283648
236 74067 807085493 263520253 501563076
1 1 262275728 182293979 11269872
1 1 1072560191 1022576239 221510782
1 1 858491094 141247319 234083044
1 1 243080796 29052991 1055600247
1 1 172211643 223566251 954686616
2 8328 624619262 96578134 196280323
1 1 1060216112 954716374 585100223
1 4 30087272 963220784 742871214
1 5404 1044220207 88116166 916206323
1 1 597787902 495103182 1036254156
1 1 163916543 336761082 977696169
