1000
4 953717071
2 1 1 1
4 276876699
14 17 11 15
4 804285621
18 7 10 10
4 55806422
0 0 0 1
2 325999288
4 13
5 761791425
0 0 0 0 0
3 970708846
11 7 9
4 554114172
9 13 21 17
4 860207045
5 7 3 4
2 76078335
8 5
5 238345516
2 0 1 0 3
5 1001307029
6 7 1 3 3
2 500461337
26 34
48 646432831
0 0 0 1 0 0 0 0 1 0 0 0 0 1 0 0 1 0 0 0 0 0 1 0 0 0 0 0 0 0 1 0 1 0 1 0 0 0 0 0 1 0 0 1 0 0 1 0
4 461989605
11 12 10 9
5 980037076
1 1 1 0 1
43 564099382
0 0 0 0 0 0 0 0 0 0 0 0 0 0 0 0 0 0 0 0 0 0 0 0 0 0 0 0 0 0 0 0 0 0 0 0 0 0 0 0 0 0 0
2 1043676637
9 12
3 752585593
17 21 13
4 911523822
14 11 13 11
5 519072904
7 9 4 5 11
4 563466159
10 8 13 12
5 265175912
2 2 3 3 2
2 550560882
22 33
3 1040073263
13 15 18
2 67231784
13 15
4 1022793455
6 4 5 10
3 986897167
5 7 7
3 950874718
12 16 12
5 1039979451
4 2 2 3 7
5 366839687
16 9 5 18 10
4 50574638
4 4 4 8
5 915494659
6 3 1 8 0
3 501931562
0 0 0
3 735345601
8 13 10
4 370657167
3 0 0 0
2 458478407
10 14
2 38763477
2 2
5 1035859276
0 1 1 0 0
4 434376745
11 15 10 20
5 946549642
10 12 11 7 12
5 430542850
5 13 10 5 7
2 630000378
11 16
3 200143453
14 12 12
5 468734311
1 0 0 0 2
3 360134888
12 14 15
24 761103188
1 2 2 0 2 0 3 2 1 3 1 0 0 2 1 1 1 0 0 0 1 0 1 0
5 180161311
4 6 9 7 6
5 456791485
0 3 0 0 2
3 751144177
8 5 10
3 130979322
9 7 9
5 83652220
2 0 0 1 3
4 437526891
3 5 4 3
2 797722042
22 26
3 51349383
8 12 11
5 50212904
6 6 9 5 10
5 1059459994
3 2 8 2 3
5 607605406
5 15 15 14 9
2 55405306
7 14
4 84167186
12 8 15 2
3 202536375
5 4 4
3 64193825
7 10 10
3 54567982
0 0 0
4 465030027
5 4 2 5
4 876413310
2 7 7 4
3 113963266
22 14 20
3 512759064
17 12 11
5 86017094
10 9 8 13 14
5 751318034
9 9 13 8 5
4 567429275
0 1 1 1
4 376455735
5 4 13 2
3 376024744
10 5 14
47 583381760
0 0 0 0 0 0 0 0 0 0 0 0 0 0 0 0 0 1 0 0 0 0 0 0 0 0 0 0 0 0 0 0 0 0 0 0 0 0 0 0 0 0 0 0 0 1 0
5 734953000
2 2 2 2 5
2 773068443
9 5
4 395120748
2 0 1 0
2 278652646
6 10
5 932017742
7 3 11 15 7
3 314828055
1 4 1
3 604151208
18 22 13
58 1006571080
1 2 0 0 0 0 0 2 2 1 3 3 1 1 1 6 0 1 0 1 1 0 0 0 0 0 3 1 0 0 0 0 1 1 1 1 0 1 1 2 1 1 2 0 0 1 1 0 1 0 2 1 1 2 0 0 1 2
3 1006597578
15 6 13
5 855400310
8 9 7 9 11
4 674999646
5 5 7 8
2 743504469
16 20
44 803073377
0 0 0 0 0 0 0 0 0 0 0 0 0 0 0 1 0 0 0 0 0 0 0 0 0 0 0 0 0 0 0 0 0 0 0 0 0 0 0 0 0 0 0 0
5 66669872
13 8 4 11 11
23 872029754
2 4 3 1 2 3 4 2 1 1 1 2 2 2 5 0 1 4 3 5 2 4 0
3 228130122
13 11 16
5 638882735
4 4 7 5 0
2 842654614
6 14
3 168523735
16 15 22
3 739646935
16 21 17
2 115464470
2 3
5 767272947
0 2 2 2 2
50 399364552
1 0 0 1 0 0 0 0 0 0 0 0 0 0 0 0 0 0 1 1 1 1 0 0 0 0 0 0 0 0 0 0 1 0 0 0 0 1 0 0 0 1 1 0 0 0 0 1 0 0
2 522413330
22 26
5 490652814
6 3 2 9 11
16 1042537508
3 5 2 1 2 4 2 3 5 3 4 2 1 1 1 2
2 360391986
12 9
4 495872092
12 11 12 8
2 87985218
21 24
3 1001947938
25 19 16
5 762292590
2 2 7 6 0
2 948105720
19 16
3 677049965
10 6 13
5 284113588
1 5 3 1 3
4 928912028
14 15 8 13
4 664450184
1 0 2 0
2 967378636
14 16
2 73326981
23 34
4 709210643
2 1 0 1
2 594518120
30 16
4 352392609
14 18 18 9
60 813581664
0 1 1 2 0 0 0 0 0 0 1 1 1 0 0 0 0 0 1 0 0 1 0 0 0 0 0 0 0 2 0 0 1 1 1 1 0 0 0 1 0 1 0 0 0 0 0 0 0 0 0 0 0 0 1 0 0 0 0 0
2 297543481
4 0
3 694229283
18 13 19
4 627100299
4 6 3 5
27 248248328
4 2 0 2 1 0 2 2 3 0 3 2 0 1 3 0 2 0 1 0 2 0 3 1 4 1 0
27 122490665
1 0 3 3 3 1 2 3 1 3 2 1 1 0 0 1 0 1 0 1 0 1 4 2 2 1 2
2 679978895
4 3
3 321767787
7 12 13
3 195420101
6 3 8
3 511372489
7 7 4
4 606745270
4 2 4 4
3 967440470
20 20 10
3 597436946
9 8 9
4 113066404
7 8 6 6
2 868280027
22 20
5 260642314
5 11 10 12 8
4 1024418818
9 11 12 6
4 597941044
4 1 1 1
4 198576803
13 17 15 9
3 24304671
0 0 0
4 80202467
9 6 7 11
2 663040465
20 18
3 266247050
15 14 13
2 144612989
2 7
53 720326706
1 1 0 0 2 0 0 0 1 0 2 1 0 1 1 1 4 0 3 0 0 2 0 2 1 0 1 1 2 0 1 0 0 1 1 0 0 0 0 1 1 0 5 1 4 2 0 5 2 2 0 0 1
3 666316791
11 11 8
5 678864140
1 0 0 2 1
4 627579102
9 9 12 11
3 895546239
16 14 16
2 96185495
28 30
3 550780437
13 22 21
4 756184184
0 0 2 3
4 823009113
3 11 7 3
2 378912164
16 18
3 809988866
6 3 6
3 285542526
17 20 13
2 966250928
14 14
3 42397803
8 16 15
5 1578520
7 9 2 4 6
3 825675520
22 11 10
53 1001868017
0 0 0 0 1 0 0 0 0 1 1 0 0 0 0 0 0 0 0 0 0 0 0 0 0 1 0 0 0 0 1 0 0 1 0 0 0 0 1 0 0 0 0 0 0 0 0 2 0 0 0 2 0
56 261454070
1 1 1 1 0 1 1 0 0 0 0 2 2 1 1 0 1 0 0 1 0 0 0 0 2 2 0 2 2 0 1 0 1 1 0 1 1 1 1 0 0 0 0 1 2 0 1 1 0 1 0 0 2 2 1 1
4 366654788
2 5 2 0
2 589936968
16 27
54 754503981
1 1 1 0 0 0 1 2 0 0 0 1 0 0 0 0 0 0 1 0 0 0 0 0 0 0 0 0 1 0 0 0 0 1 1 0 0 0 0 0 0 0 0 0 1 1 0 1 0 1 0 1 1 1
4 1043406207
17 10 14 19
2 779253216
21 22
2 381966623
22 19
49 529434904
1 0 0 0 0 0 0 0 1 0 0 0 0 0 2 1 0 0 1 0 1 1 0 0 1 0 1 0 0 2 0 0 0 1 0 3 1 0 0 0 0 0 0 0 0 0 2 0 0
3 866569651
26 15 17
3 523954425
19 15 14
4 216535179
9 7 9 7
33 863937881
0 0 1 2 0 2 0 1 2 1 1 2 2 2 1 0 3 0 2 1 0 1 1 0 0 0 1 2 3 1 1 2 3
15 42831452
4 4 4 4 3 3 1 5 7 1 3 9 4 3 2
3 900962339
15 21 21
3 680968465
6 10 7
4 902776880
8 8 5 12
5 626037766
5 8 4 8 8
3 34407229
16 21 20
4 338746285
5 12 9 10
2 1016796868
24 26
3 330950558
13 23 13
12 266973720
6 6 4 3 5 5 3 1 3 4 3 3
5 232423242
7 12 12 13 16
2 649927289
29 22
2 81855353
19 23
3 1051964142
4 3 1
4 821163934
7 11 9 11
5 760831834
14 9 8 10 12
5 393590289
12 10 11 11 9
3 402037179
2 8 5
3 936315330
13 14 12
2 96699035
27 30
4 349402231
2 2 1 5
2 547828342
12 10
5 803408791
1 0 4 0 2
2 533436573
10 3
4 503371586
0 0 1 3
5 437778462
10 3 9 14 7
3 919780059
20 22 16
37 870846792
2 1 0 0 0 2 1 2 0 0 1 1 0 0 0 1 0 0 0 4 1 1 0 0 1 1 2 2 2 0 0 0 2 2 2 0 1
2 14510551
2 2
2 160135691
1 1
5 1032529736
9 14 14 12 9
2 137118994
27 29
4 836494877
11 8 16 19
2 812510364
23 27
51 307206111
2 2 1 1 1 3 2 0 2 1 1 0 1 0 1 1 3 1 1 2 4 0 2 1 1 0 0 1 1 0 0 1 0 1 0 0 1 0 2 1 1 1 1 2 1 1 2 0 0 1 2
2 808401869
29 24
3 654066176
11 8 9
3 643191537
10 7 3
3 463707369
9 12 9
3 113378254
8 7 8
4 89128239
2 1 1 1
20 441327744
1 0 0 0 0 0 0 0 0 1 1 0 0 0 0 0 0 0 0 1
4 741046444
12 16 12 18
56 243406101
1 0 1 1 1 0 0 0 3 0 0 0 3 1 0 0 1 0 0 0 0 2 0 1 1 0 1 0 0 0 2 1 2 0 0 0 1 0 0 2 0 1 0 1 0 0 3 0 0 0 0 1 1 1 1 0
5 11436753
10 8 10 13 6
4 1021385102
7 14 6 8
2 724550892
12 7
2 857082818
29 28
3 121189160
14 17 18
3 199732152
19 21 20
2 742136977
36 20
3 746707568
24 8 20
3 562759371
3 3 4
3 296809091
8 9 5
5 687839676
0 7 1 3 4
1 1000000007
2
4 509125281
5 6 7 6
5 212464854
9 6 11 7 5
3 540084700
14 15 13
5 464199813
1 4 2 3 1
5 811891352
6 12 11 14 9
4 590307043
3 0 6 2
3 658700110
1 0 1
2 978038493
13 10
4 763578220
4 7 5 3
2 592971963
10 14
18 603823913
2 3 0 3 0 3 1 3 1 4 2 2 2 1 1 1 1 1
5 946573808
9 12 12 15 6
2 507908969
25 26
2 682686169
20 25
3 1053314199
16 19 16
4 655963983
13 16 16 13
5 849321330
2 4 4 1 7
3 67186855
16 17 23
50 913618014
1 2 1 0 1 3 0 0 0 0 0 0 1 1 1 0 2 0 1 4 2 0 0 0 1 0 1 0 0 1 1 0 1 1 3 1 4 1 0 1 0 1 1 0 0 2 0 0 2 0
5 347282163
3 7 5 8 3
17 980957884
2 3 1 4 2 0 2 1 1 1 2 1 3 2 2 2 4
3 615216084
15 18 17
2 520693435
14 24
4 612974439
13 12 11 7
5 568553871
8 15 11 7 15
3 967824202
20 16 12
4 144534762
4 0 2 2
4 354181579
13 15 13 15
3 725953547
17 17 17
4 156697086
10 6 10 19
5 567329910
6 5 11 10 10
2 663959330
24 33
2 7566776
27 10
2 944125155
5 7
3 992526960
16 15 20
12 794611854
5 0 4 3 4 4 1 2 6 0 2 6
5 975432434
7 12 4 8 9
47 903311636
0 1 2 0 2 2 3 3 4 1 2 0 3 1 0 1 0 0 0 2 1 1 0 1 1 4 3 0 0 1 0 0 1 2 0 1 2 1 1 5 0 2 4 1 0 1 0
4 947330185
3 1 2 1
2 432793080
14 9
37 330083098
2 0 0 1 1 0 0 0 0 1 0 1 0 0 1 1 1 1 1 3 1 1 1 0 1 0 0 0 2 0 2 0 1 1 0 0 0
4 663416529
2 1 3 1
2 984219526
7 6
4 94193689
1 1 0 0
4 808967770
1 3 1 3
5 128588722
5 3 5 5 6
2 534238313
10 19
3 1032275105
19 24 15
2 547898865
15 8
29 256554673
0 1 0 0 0 1 0 0 0 0 1 0 2 2 1 1 2 0 0 1 0 0 1 0 0 0 0 0 0
5 255980176
4 5 10 6 5
5 1
8 8 4 5 9
3 749165494
16 14 11
3 845206273
18 14 19
3 515836727
12 6 11
2 806407726
13 17
2 981068589
3 1
5 707051805
1 3 3 6 3
5 957024971
2 1 3 1 1
4 610629987
5 6 5 10
3 307417185
11 12 6
4 460602314
3 1 2 1
3 701266704
11 6 7
5 302259582
12 9 4 14 11
5 577016475
16 8 9 9 9
3 227667333
0 3 2
4 605898976
2 2 4 3
2 422991597
11 23
3 549986408
6 7 8
3 314357644
6 4 9
2 222311439
23 31
2 824350559
23 28
4 745415223
9 14 7 9
4 63813963
9 10 5 8
2 911449140
1 2
5 307955107
7 12 8 7 6
52 462070831
0 1 2 0 2 4 0 1 0 2 0 0 2 1 1 1 3 1 0 2 1 1 2 1 0 1 1 2 1 2 2 0 0 0 1 0 0 0 1 2 0 2 1 0 0 0 1 0 0 2 0 1
4 1009425470
0 0 0 1
2 121912297
16 6
3 100843693
19 24 13
5 15632704
7 9 21 6 14
2 439571186
8 3
3 363048486
15 18 22
5 63972316
3 1 0 4 1
5 854344804
3 1 1 1 0
2 406951343
7 17
4 1033279708
9 6 7 8
2 756806234
7 7
2 666495156
26 25
5 224125087
13 12 6 7 11
3 837799943
5 10 4
5 441755855
15 10 11 12 9
3 971479933
8 8 11
3 7022944
17 13 13
2 832648228
15 11
33 259442974
0 1 0 0 3 3 1 1 3 1 1 1 2 2 2 1 2 0 2 3 4 1 3 1 1 3 1 1 2 0 1 1 3
4 109626987
0 0 0 0
3 837968467
17 16 14
3 714298538
12 14 22
5 196418733
8 10 11 7 9
3 659691430
7 15 12
4 773311506
15 13 11 6
5 222020495
6 7 5 5 6
2 732807803
8 13
4 764126498
10 10 7 23
4 244396764
9 2 9 6
3 150574762
4 2 3
4 136755391
8 23 16 12
2 128177570
24 27
5 23045022
1 4 8 7 6
3 16172176
18 21 20
5 818862427
6 5 9 7 3
3 334911028
9 12 14
2 7960300
11 6
2 132682742
38 22
5 112284375
14 10 13 10 12
18 682894317
3 2 2 2 3 0 2 2 2 1 3 6 5 0 1 4 5 3
5 940331727
10 7 9 15 9
2 509029001
0 0
4 887689725
11 8 12 5
2 629128745
14 16
3 824225920
4 4 6
2 148122364
12 10
2 858348437
4 3
3 370483078
2 4 3
2 922329705
17 21
4 230442679
9 6 7 3
4 899841078
12 17 11 18
4 1001138241
12 10 21 16
4 948784579
3 3 4 1
2 14499895
8 9
49 301720421
1 0 0 1 0 0 1 1 0 2 1 0 1 1 0 1 0 1 0 0 0 1 1 1 1 0 1 0 1 0 0 3 2 2 1 1 2 2 1 3 1 0 1 1 1 1 3 0 1
2 113809178
24 22
5 335531474
0 1 1 1 1
4 354563121
11 9 11 15
5 501836823
5 7 8 7 11
3 859248716
13 12 7
2 454645191
14 23
3 39960642
4 10 13
5 772732965
8 4 3 2 2
5 356523733
5 5 2 6 5
2 747637338
26 21
5 824443641
4 2 6 6 4
3 686892463
4 5 8
40 408671818
0 1 1 0 0 0 0 0 0 0 0 0 1 0 0 0 0 0 0 0 0 0 0 0 1 0 0 0 0 0 0 0 1 0 0 0 0 0 0 0
35 155249365
1 0 2 0 0 0 0 1 1 0 0 2 0 0 0 0 1 1 0 1 1 1 0 0 0 3 0 0 0 1 1 0 0 0 0
5 848797641
7 3 4 5 9
4 937864791
23 14 11 8
5 587670107
12 13 11 12 8
3 10279756
12 14 9
5 304477770
0 2 3 5 5
3 1046924578
10 19 15
5 703645057
3 7 3 2 5
3 444607865
21 17 17
3 312946029
16 22 16
2 829854482
10 11
30 154938496
0 0 1 1 0 1 0 1 1 0 2 3 0 1 1 1 0 0 5 2 0 1 1 2 1 1 1 0 0 2
3 1045915459
9 11 12
59 398257366
1 1 1 0 1 1 0 0 0 0 0 1 0 0 0 1 0 0 0 1 0 1 2 1 0 0 1 2 1 1 0 0 2 1 0 0 1 0 1 1 1 1 0 0 1 0 0 0 1 1 1 0 0 1 0 2 2 0 0
3 848806325
1 3 1
3 370460079
5 8 3
2 648040260
10 8
5 883884666
18 9 11 6 12
2 602136064
19 24
2 550395611
6 14
4 610281966
6 3 4 3
4 528489363
9 9 10 6
5 982626682
4 3 2 0 4
5 693261965
5 4 2 6 3
3 328148749
9 4 5
3 598122962
0 2 0
5 603071384
6 2 8 11 6
4 175646012
1 3 2 3
5 9263651
2 0 7 3 3
5 1041621402
6 5 8 7 5
36 708673816
0 0 0 0 1 1 0 0 0 0 0 0 0 1 0 0 0 0 0 1 0 0 0 0 0 0 0 1 1 2 0 0 0 0 0 0
3 754949540
16 20 23
3 386169517
16 17 19
4 740176614
1 2 5 1
2 487325738
8 14
4 402741806
4 5 9 9
3 745136856
9 4 6
4 457536391
15 14 15 7
5 157465209
0 0 2 0 0
3 911130125
18 15 16
5 893956582
0 2 0 0 0
5 660169741
6 9 3 8 12
5 365500759
3 5 1 3 4
4 164633342
12 13 13 18
3 750283438
7 4 6
5 251894780
2 3 3 3 4
4 773952068
11 5 5 10
37 187379949
2 0 1 1 0 1 0 0 0 0 1 0 0 0 0 0 0 0 0 0 0 0 1 0 0 0 1 0 0 0 0 0 0 0 0 0 0
7 545674500
6 7 6 4 5 13 9
4 1043065104
10 3 5 7
4 481439347
5 8 3 3
2 906428577
9 8
5 1070854799
7 9 18 15 10
5 470186686
0 0 0 0 1
2 161053188
27 25
2 919891034
25 28
4 813653214
1 2 0 0
4 741600549
10 11 11 11
4 568985425
9 7 3 6
2 720358372
11 5
2 618961666
20 20
4 74020088
12 8 9 5
2 448198535
11 16
5 210469581
3 5 6 8 3
3 555133982
20 12 9
5 1026374377
9 9 7 10 8
2 364469041
3 3
3 1038116539
6 12 4
3 434011657
8 9 9
2 380332683
5 9
3 271729013
13 12 16
49 142723037
0 2 0 0 1 1 0 0 0 1 1 0 1 3 0 3 0 1 2 3 0 1 1 0 0 2 0 0 0 0 0 0 0 0 0 2 1 0 1 0 2 0 0 1 0 0 1 0 1
3 121902812
14 19 18
2 690583880
20 24
5 172769306
8 4 2 2 6
4 251302912
16 10 11 12
2 607439992
31 25
4 930846501
14 8 17 17
4 219078300
9 3 5 0
2 468494329
8 4
52 749205589
0 0 0 2 0 1 0 0 1 0 0 0 0 0 0 0 0 0 0 0 1 0 0 0 0 0 0 2 1 1 0 1 1 0 0 1 1 1 0 0 0 0 0 0 0 0 1 0 0 0 0 0
54 328815340
0 1 0 0 1 1 0 0 1 1 1 0 1 0 0 0 0 0 1 1 0 3 0 1 1 1 0 0 1 0 1 0 0 0 1 0 2 0 0 0 0 0 0 2 0 0 0 0 0 0 0 0 2 0
4 273797496
12 6 7 10
5 340787342
1 0 0 1 0
3 807400283
17 10 24
2 393436902
2 6
3 757041203
2 3 2
4 765587907
13 16 13 12
4 560284135
14 16 14 8
58 514272062
0 0 3 0 0 0 0 0 0 0 0 0 1 1 2 1 0 0 0 0 0 1 0 1 0 0 0 0 0 0 0 1 0 0 1 0 1 0 0 0 0 1 2 0 0 0 0 2 0 0 0 1 1 0 0 0 0 0
4 135717279
9 9 5 8
4 198352906
9 20 16 15
5 207322669
11 8 14 6 13
2 695679676
14 14
4 696539458
6 6 9 4
4 712005437
19 13 15 8
45 416806582
0 1 2 0 1 3 0 1 2 1 1 1 1 1 1 2 1 1 0 0 0 0 1 0 1 1 0 2 0 1 0 2 2 1 2 1 3 0 0 0 0 1 0 3 0
2 940196574
36 22
37 316687560
1 0 1 1 0 2 1 1 1 1 2 1 1 1 0 0 1 1 2 1 0 1 0 0 1 0 0 1 2 1 1 1 1 2 1 0 1
5 372788886
15 7 8 7 7
5 450221594
12 7 16 9 12
2 1021763058
25 32
2 274710516
33 26
4 608456913
13 8 17 18
4 6515253
12 21 12 12
4 1070369821
1 3 4 3
8 14916867
5 5 4 5 4 4 4 7
4 822303113
7 11 11 9
5 225272698
0 2 0 0 0
5 932100500
1 2 1 2 4
5 196612763
6 15 12 12 14
4 853820823
10 11 8 13
2 1005874430
23 18
2 280722824
19 28
2 811263051
13 9
2 905110434
27 24
4 97164683
10 11 5 6
2 529635177
24 22
5 95493617
9 7 12 10 14
2 368074597
2 7
2 426403498
20 13
2 733838732
30 22
5 428218084
7 8 9 6 4
3 189810703
13 5 8
2 611065598
3 4
3 658594837
13 19 22
5 383076238
9 8 9 7 6
4 924267517
11 9 11 8
2 230355428
33 22
4 220410422
9 10 11 14
3 138989920
11 19 20
3 989753911
1 0 0
4 675155716
14 14 6 16
2 463197177
37 22
2 998478504
20 31
5 808197755
2 1 3 0 0
3 517595560
8 5 16
5 813847132
11 11 10 11 5
5 686978400
3 1 2 2 0
2 683545177
11 7
3 104650252
23 16 17
4 851870998
7 6 2 5
60 1073741823
0 0 0 0 0 0 0 0 0 0 0 0 0 0 0 0 0 0 0 0 0 0 0 0 0 0 0 0 0 0 0 0 0 0 0 0 0 0 0 0 0 0 0 0 0 0 0 0 0 0 0 0 0 0 0 0 0 0 0 0
49 297163916
0 0 0 0 0 1 2 3 0 0 1 0 0 0 0 1 0 0 0 0 0 2 0 0 0 2 0 2 0 0 0 0 0 1 0 2 0 2 1 1 1 0 1 0 0 0 0 1 1
3 748500246
13 19 21
3 860142187
14 13 14
4 397836082
11 18 8 15
5 884361071
1 2 0 2 0
2 306981129
25 31
3 762331016
2 1 4
51 422119184
0 0 0 1 0 1 0 0 2 1 0 0 0 1 0 0 0 1 1 0 0 1 1 0 0 2 1 1 0 1 1 0 1 1 0 0 0 1 0 0 0 0 0 0 1 0 1 0 0 0 0
5 8272057
11 9 12 16 9
2 410507790
25 19
5 561179039
6 8 5 13 6
4 952497904
21 8 14 8
3 1055327268
16 17 18
2 415943468
22 26
2 504458490
4 8
3 286695844
5 5 8
4 415481747
10 10 15 16
4 209232255
4 6 2 5
2 622766341
13 9
5 91588265
11 11 7 7 10
5 909492771
6 2 8 4 9
3 67963012
9 8 12
2 736321043
11 21
2 131040023
10 12
3 909803
0 0 0
3 718073302
24 13 21
4 1003450631
3 1 6 4
2 1036915167
14 20
5 998244353
0 0 60 0 0
5 519426340
12 8 18 11 10
6 452030345
1 0 0 0 0 1
4 176194695
0 1 0 2
3 246784424
8 10 11
55 1027548895
0 2 2 2 1 0 1 1 0 1 2 1 0 2 0 0 0 1 1 0 2 2 0 1 0 1 0 0 0 1 1 0 0 0 1 1 1 0 2 1 0 1 1 4 0 0 1 0 0 4 1 0 0 1 1
4 167757758
11 14 10 21
5 803302310
4 6 10 9 7
4 703877662
7 6 3 6
2 569084574
6 1
2 778533259
4 0
5 321846022
7 6 13 7 7
57 224231476
2 0 0 0 0 0 1 0 0 0 0 0 0 1 0 0 1 1 2 1 1 0 0 0 0 1 0 2 0 2 0 1 1 0 1 0 0 2 0 1 0 0 0 1 0 2 1 0 1 1 0 0 0 0 0 0 0
3 964792820
9 6 12
5 972273119
5 9 3 5 2
4 151316512
19 13 14 11
2 7859837
12 10
5 321229194
0 1 3 0 1
5 554599981
14 10 9 3 7
5 455457795
9 6 16 11 8
5 1064089244
2 1 1 0 1
3 783331808
1 1 0
18 741402538
1 0 1 0 0 0 0 0 0 0 0 0 0 0 0 0 0 0
4 200045826
2 1 2 1
5 28713665
7 7 7 5 9
3 224409392
17 17 21
2 297719898
26 28
5 1021337103
6 6 3 3 3
2 307931373
8 8
3 437778292
17 12 16
5 825571372
13 9 11 8 10
2 494651080
15 16
3 741766466
12 15 19
2 540479989
23 26
5 513015161
7 4 2 4 6
5 357983063
12 9 6 19 13
14 357191230
0 1 0 2 2 0 1 0 0 1 0 0 1 0
3 89020738
22 23 12
3 68027722
2 5 5
2 8150491
18 10
4 6342206
9 9 19 9
5 1038088769
3 4 3 1 3
2 461517642
6 20
4 483185544
14 10 12 14
3 430900443
7 7 13
47 155610562
2 1 1 0 3 1 1 0 0 1 1 2 0 1 0 1 0 0 0 1 0 0 2 2 3 2 2 0 1 0 1 1 2 4 1 1 1 0 2 1 0 3 3 2 0 2 2
3 494715915
10 6 8
3 70472645
3 9 5
4 523452238
9 11 12 4
3 685912665
13 10 9
29 1066467315
4 1 2 0 2 3 1 2 2 0 1 3 3 1 4 1 0 3 5 3 3 2 1 0 1 1 0 3 1
2 741785597
30 20
2 694436232
7 12
3 209653479
23 24 13
2 401290302
25 33
5 807152053
1 3 3 1 0
2 579143860
29 24
2 795826675
32 28
2 657301606
24 19
2 313232605
6 13
5 15519814
13 6 7 7 4
4 657601707
12 12 8 11
3 662709858
14 12 6
2 286106053
13 12
4 814063450
9 5 5 8
3 57324312
22 17 14
28 544607381
1 0 2 1 2 1 1 0 2 3 0 1 3 0 1 0 0 1 1 3 0 0 0 0 0 1 1 1
2 274429086
28 26
4 148756923
17 15 13 10
3 1061951916
1 5 3
3 422904270
4 6 2
3 770222599
23 18 15
3 965603639
8 12 4
3 762501598
7 12 20
3 1042113290
14 16 12
2 850991799
22 22
2 371601567
26 20
2 850013722
13 17
6 221843229
2 2 0 5 5 7
5 354172453
3 3 3 4 4
3 341708304
12 15 16
5 110596256
11 8 9 8 12
5 687330349
17 9 10 7 11
4 591006558
19 10 9 14
2 99814861
11 14
3 168584986
0 0 1
2 561379033
9 8
5 538437970
10 6 9 5 11
32 826264917
3 1 2 2 0 2 2 2 1 2 3 2 0 1 3 1 2 1 2 1 3 2 2 2 3 3 0 0 2 1 0 1
5 62923894
8 3 9 2 7
3 644937608
13 12 22
5 482230862
9 10 13 10 10
3 1009463609
13 8 9
3 38870002
4 1 3
5 563858921
9 11 9 7 9
59 1012973289
0 0 0 0 4 0 1 1 1 0 0 2 0 1 0 1 0 4 2 0 1 0 0 0 1 0 0 0 1 2 1 0 1 1 0 1 0 0 3 1 2 0 0 2 1 1 2 0 1 1 0 1 2 0 1 0 2 1 1
4 485930084
11 11 10 14
4 144280656
7 11 13 7
3 898383454
9 12 5
3 1014922470
25 17 12
5 785712959
2 2 2 1 0
3 129981619
6 4 5
3 130762367
21 16 14
2 165149516
7 10
2 790798169
3 5
3 827472673
16 8 19
4 61707893
10 17 15 17
3 707969229
19 16 15
2 506120631
1 1
5 183632637
11 9 13 10 9
2 436541208
21 15
3 115476914
12 8 12
2 74261572
10 8
2 259717401
19 13
4 651852941
0 0 0 0
5 392333609
12 13 7 6 10
2 870072466
21 32
2 567726089
18 24
2 798370243
0 0
3 431295301
7 9 10
2 742054018
12 17
4 820938714
3 1 5 3
4 610993541
5 5 8 4
4 337022658
15 18 9 16
2 91801275
32 25
2 678527637
30 24
4 682124224
0 1 1 0
4 98044550
5 4 6 4
5 444028348
6 7 7 15 8
52 334528461
0 0 0 0 2 0 0 1 1 1 0 0 1 2 1 2 0 1 1 1 0 2 2 0 0 0 0 0 1 0 0 0 0 0 2 0 1 1 1 0 0 1 0 1 0 1 0 1 1 1 3 2
2 504110316
21 16
4 97329600
13 13 13 6
4 556547451
5 2 3 5
4 879419736
16 11 12 18
3 482547830
2 2 4
2 420854775
11 11
5 304490363
0 2 0 0 2
3 809972028
12 14 14
2 892868523
30 23
2 627413884
0 0
2 1047310057
0 3
3 875524343
9 6 6
58 254999641
0 1 0 0 0 0 0 0 0 0 0 1 0 0 0 0 1 1 0 0 1 0 0 0 0 0 0 0 0 1 0 0 0 0 0 0 0 1 0 0 0 0 0 0 1 0 1 0 1 0 0 0 0 1 0 0 1 1
3 383195726
3 3 2
2 826393930
5 14
26 980041192
0 0 1 2 0 0 0 0 2 1 0 0 0 0 0 1 0 2 0 0 0 0 0 1 0 2
2 965989400
10 8
4 375506763
6 8 2 4
11 13462282
5 8 2 3 3 8 3 3 4 3 9
5 319131312
2 2 2 0 0
2 402915261
18 34
2 558808421
13 15
33 691358758
0 2 3 0 1 0 2 0 2 2 0 4 1 1 0 2 1 1 1 3 0 0 2 1 0 1 2 5 0 0 0 1 2
4 210482183
17 13 10 15
2 838463667
5 2
2 938472716
7 3
2 347562134
21 18
3 455552500
14 9 18
2 720331006
16 15
4 1008231682
4 6 2 5
2 570669786
26 28
2 993242431
7 4
4 543235768
9 4 6 5
38 920648257
0 0 0 1 1 0 0 0 0 0 0 0 0 0 0 0 0 0 0 0 0 0 0 0 1 0 0 0 0 0 0 0 0 0 0 0 0 0
2 902096634
30 22
3 945772445
0 0 0
2 593390762
5 5
2 474992169
21 33
4 380516996
13 9 13 15
4 652409116
7 4 11 6
3 821024573
4 5 4
4 281070759
12 7 14 14
4 763591795
9 8 15 7
2 486796584
11 12
4 503911232
14 9 10 10
5 865558180
9 7 6 8 10
43 657093092
0 0 0 0 0 0 0 0 0 0 0 0 0 0 0 0 0 0 0 0 0 0 0 1 0 0 0 0 0 0 0 0 0 0 0 0 0 0 0 0 0 0 0
5 331324099
12 10 13 10 9
5 120923345
7 10 11 14 11
50 642378390
1 0 0 1 0 0 0 0 0 0 0 0 0 0 1 0 0 0 0 1 0 0 0 2 1 2 0 1 2 0 0 0 0 0 1 1 0 1 0 1 0 0 1 0 1 1 1 1 0 0
5 79146442
3 9 6 10 5
5 86823593
7 4 4 4 9
34 674043651
0 0 0 2 0 0 0 1 1 0 0 1 1 2 1 1 1 0 0 0 1 2 0 0 1 1 1 0 2 2 0 0 0 1
3 427578728
20 15 25
33 870140953
2 0 0 2 3 0 1 0 3 1 2 0 1 3 2 1 0 1 2 4 3 3 2 2 3 2 0 0 1 2 2 0 2
19 523878981
1 2 2 4 2 2 1 2 3 3 1 6 0 0 3 1 2 4 1
5 140025074
0 0 0 0 1
3 787698654
12 10 11
30 112995708
0 0 0 0 0 1 0 0 1 0 0 0 0 0 0 0 0 1 0 0 0 0 1 1 1 0 0 0 0 1
3 974796533
0 0 0
3 225654400
8 14 20
2 184733269
6 8
2 902575783
2 2
4 305799150
14 16 14 14
3 195445801
17 12 13
5 25376433
8 5 4 2 2
4 568395369
14 8 6 7
3 943889865
26 12 14
2 801943317
28 24
4 1017021526
5 6 7 7
4 476826874
1 3 3 2
2 825878453
19 20
3 226471132
17 8 11
2 3281135
7 8
4 333673310
1 3 4 1
4 760828840
9 17 6 22
3 303130272
4 6 7
2 503035723
25 29
5 94638686
3 5 4 5 7
4 251941626
7 11 13 6
2 566555841
26 31
2 122302367
25 22
3 740124022
1 1 2
3 859182189
13 13 9
54 1064255022
0 0 0 0 0 0 2 0 1 0 0 0 0 1 1 2 0 0 2 0 0 1 0 0 1 3 1 1 1 0 1 1 0 0 0 1 0 1 0 0 0 0 1 0 2 0 2 1 1 0 0 2 0 1
3 512887630
13 14 11
2 781431133
20 16
5 628801846
7 8 10 14 11
3 166521524
3 9 4
4 981386217
4 2 1 1
5 247922885
19 13 5 9 9
2 122162330
12 13
4 960440216
8 8 7 5
2 53504118
28 21
2 901068428
9 15
3 626526942
3 0 4
3 669808524
12 6 9
5 731652912
11 9 8 10 6
4 241165709
2 4 8 3
5 875078227
8 6 6 2 1
5 847630395
0 4 2 3 5
5 217716052
1 5 5 1 4
2 86872612
17 23
4 1025924045
18 10 12 6
4 577621572
0 3 0 3
3 585437501
19 17 20
3 130341638
2 1 3
5 35612549
11 13 14 4 8
5 873615940
5 5 2 0 6
4 741930625
7 2 4 9
2 549511354
2 8
5 624856164
17 7 10 12 12
2 601607822
1 3
2 206043790
6 8
5 197619500
16 14 13 9 8
2 977008340
27 30
4 373163080
20 10 15 15
3 201791787
7 5 9
5 470905507
10 10 8 7 6
2 55245496
12 19
3 30255444
7 4 8
3 180672398
13 10 17
16 706405016
3 3 5 3 8 4 2 1 6 5 3 4 0 2 3 4
4 411587666
6 2 2 2
2 634569680
21 22
4 869207204
6 9 15 7
5 735705678
6 12 8 13 7
4 634516759
3 4 1 1
3 309813847
3 2 3
4 9566532
8 10 12 8
5 223958922
6 8 7 15 11
3 176630135
19 9 17
3 559553684
13 13 11
3 792712549
9 10 9
4 910386446
0 0 0 1
4 900772774
1 2 1 1
3 817960342
12 3 11
3 299081773
11 17 16
43 163934811
0 1 2 0 0 1 2 0 0 0 0 0 1 1 4 2 3 0 5 0 1 1 1 0 0 0 2 1 2 2 0 3 0 1 1 0 1 0 2 0 1 0 0
3 362152639
19 16 18
3 246019034
22 16 14
19 942372529
5 0 2 2 4 2 2 2 1 3 6 3 3 5 1 3 1 4 4
2 601897172
13 17
19 739364471
4 0 2 2 3 2 0 1 1 2 2 1 2 2 3 1 1 2 2
2 410222551
28 28
3 346373119
10 8 8
2 68253771
9 11
4 975712822
16 16 13 5
2 547547379
5 12
4 35505381
10 9 8 9
4 405718778
12 13 13 18
3 657045128
13 8 8
5 710203455
6 8 4 4 6
5 115798684
9 0 7 4 6
2 330718174
11 22
3 125047746
3 0 2
2 932472379
8 7
4 453742271
0 0 0 0
3 280489545
16 9 9
4 334075932
15 7 16 13
4 887262070
19 15 9 6
2 856517667
14 12
21 177317865
5 1 1 1 1 2 2 1 3 0 1 2 1 0 3 1 2 2 4 2 3
4 889963516
3 8 5 1
2 231509400
19 28
3 13856612
12 18 17
2 139774065
29 29
3 222320193
13 16 19
4 799277731
4 1 2 0
59 284321277
0 0 0 0 0 1 0 1 0 1 0 1 1 0 0 0 1 0 0 1 1 0 0 0 1 0 0 0 0 0 0 1 1 0 1 0 0 2 0 0 0 0 0 1 0 0 0 0 0 0 0 0 1 0 0 2 0 0 0
5 298915903
8 5 7 4 15
5 577997842
12 3 8 11 9
2 397283092
10 14
2 169028605
3 9
5 349209875
0 1 0 1 0
5 1041389614
13 10 15 11 6
4 318243179
11 9 11 12
5 575635167
8 3 4 10 7
5 795815281
0 3 1 0 0
5 781101280
10 6 15 8 14
4 125052874
8 11 9 7
3 1060209916
11 17 13
39 819769108
3 0 2 1 1 2 1 1 3 3 3 1 1 4 0 5 0 2 0 0 1 1 1 2 1 0 1 1 0 2 2 1 1 0 3 2 2 4 0
3 767502821
22 22 12
3 820791975
2 3 5
5 852305006
12 10 7 7 11
4 42776152
11 19 9 16
4 540452240
7 13 15 10
2 822851249
28 31
5 644442878
1 0 2 1 2
2 1034805531
9 10
4 660394987
22 12 9 11
5 567333125
2 2 3 0 5
3 1056020447
4 1 5
3 1058885318
5 6 7
3 687507465
7 5 7
2 155342074
6 11
3 962943028
17 16 21
5 1066390432
8 8 7 11 8
3 847326973
12 3 3
15 1026474157
0 1 0 1 0 0 0 1 1 0 0 0 0 0 1
5 709639877
8 10 10 8 11
5 850539771
10 13 14 11 11
3 154776440
2 6 2
2 203545151
2 4
27 525497277
1 0 0 1 0 1 1 2 0 0 0 0 2 0 2 0 0 1 0 1 1 0 0 0 0 1 1
4 384859465
2 1 0 0
3 993040286
10 9 13
4 534477347
2 3 3 4
2 624760890
24 23
2 119897720
4 5
5 746466462
5 3 6 10 3
26 704467055
2 2 1 1 3 2 2 2 1 3 3 3 1 6 1 2 2 2 2 3 1 3 0 2 0 2
3 204584061
11 8 11
4 56931244
9 12 8 6
36 22643218
0 0 0 0 0 0 0 0 1 0 0 0 0 1 1 1 0 0 0 0 0 0 0 0 0 0 0 0 0 0 0 0 0 0 0 0
5 1064404278
10 4 11 9 11
2 867503273
3 7
4 656398629
1 9 9 6
5 376104578
19 15 5 16 5
2 551655968
4 5
5 110926872
4 6 7 5 6
4 1063587305
0 0 1 1
5 252178870
7 8 5 6 4
4 152387229
7 6 3 9
4 650040526
21 12 15 10
4 749235331
7 7 8 7
5 554017393
6 6 9 5 5
5 69988050
18 7 8 12 10
2 1000000009
30 34
4 474356554
3 2 5 5
3 745148207
5 4 3
5 491262381
2 1 1 2 3
2 180224967
16 7
5 798873946
4 4 3 1 2
4 749761144
3 0 1 0
3 577891238
12 14 17
3 93935997
4 3 10
2 412675170
0 6
2 542462058
12 5
3 441311123
8 19 8
3 985375102
0 4 1
3 859140505
5 3 3
2 443121452
2 8
59 871618817
0 0 1 0 0 0 0 1 0 0 1 1 0 0 0 0 2 0 0 2 0 0 0 0 0 0 1 0 0 1 0 0 0 0 0 0 0 0 0 0 0 0 0 0 1 0 0 1 0 0 0 0 1 1 1 0 0 0 0
2 168736329
29 22
4 56644472
5 5 1 4
3 753670558
4 9 5
4 1043020119
13 10 13 15
5 262399227
17 12 9 9 7
5 298174708
3 2 2 3 3
4 226209199
4 6 3 4
2 432135888
32 28
5 296351700
7 14 4 7 12
4 953325831
14 9 11 11
5 464381476
13 11 19 8 4
5 767796962
3 1 5 2 4
2 1004876448
15 21
3 265413904
16 8 7
2 861109422
5 3
2 179241837
27 30
50 745211958
0 1 1 1 1 2 2 2 1 1 1 1 0 0 1 0 0 1 2 0 1 1 1 2 1 0 1 2 3 0 1 0 1 0 1 0 3 0 0 0 2 0 1 2 2 2 1 1 2 1
3 694227375
12 14 15
4 8680913
1 1 1 2
2 234308764
0 0
47 1035898980
1 1 1 1 0 0 1 0 1 0 0 1 1 0 0 0 1 0 1 1 1 0 1 0 1 0 0 0 0 1 2 0 1 1 0 0 0 0 0 2 2 0 0 0 0 2 0
4 957076954
20 13 9 13
4 629511165
9 14 17 17
2 603634038
1 1
19 859324050
0 1 1 0 0 0 1 1 0 1 0 1 0 0 0 1 0 1 0
3 977853045
12 10 5
5 239162375
11 5 11 7 8
3 730287054
14 9 20
4 344172873
4 3 9 6
4 707937225
6 10 12 10
2 73549853
22 17
3 769656350
6 4 6
4 845168375
12 6 11 11
3 851153644
13 15 11
3 43963493
15 14 14
3 321878190
13 21 15
3 8841387
26 15 16
4 370160730
4 3 0 5
5 1029160827
6 9 7 7 6
60 247455006
0 1 0 0 0 1 2 0 0 0 1 0 1 1 0 0 1 0 0 0 2 3 0 0 0 1 1 0 0 1 0 0 0 0 0 1 1 1 1 1 1 0 0 1 0 1 1 1 0 0 0 1 0 0 0 0 1 0 0 1
3 517631109
7 9 6
4 972648566
3 4 2 4
3 49899083
24 12 23
38 816157839
3 0 2 2 1 0 0 1 2 1 2 1 0 3 1 0 3 2 2 1 2 3 1 1 1 0 0 1 0 1 1 2 3 2 2 1 2 0
3 1061873892
10 12 12
5 518832665
2 4 2 1 0
3 14349385
4 2 5
38 386875644
0 3 0 2 2 1 1 2 4 0 1 2 2 4 1 1 2 2 1 0 1 1 2 2 2 2 0 2 2 0 1 3 3 0 1 1 1 1
2 530437691
13 8
5 221357521
10 6 3 11 8
4 1008863733
3 1 6 5
5 578728476
5 8 9 11 12
5 1064885153
8 5 13 7 9
4 908914453
13 15 11 14
5 1069058181
14 8 9 13 14
2 955377950
32 28
5 57361563
0 0 0 0 0
3 924004260
2 5 2
8 719116267
11 6 5 6 7 9 6 4
5 481997861
8 3 9 5 4
2 543193931
6 8
3 943424352
3 5 12
3 505349366
2 5 3
2 571496121
3 10
21 998083180
1 0 2 0 0 1 1 1 1 1 0 4 0 0 0 1 0 0 0 3 1
3 908723876
9 10 15
4 3084912
7 7 10 10
2 520587962
18 20
16 990563861
3 2 1 0 3 2 4 2 6 2 1 2 2 1 9 3
3 555900602
8 12 10
25 635946348
1 0 0 0 1 0 1 1 0 1 0 1 1 0 0 0 1 1 0 1 0 1 0 2 2
4 569092158
6 3 7 7
4 948548708
1 5 2 3
2 481707352
19 22
3 227588555
1 1 1
52 175843394
0 0 0 0 1 1 1 0 1 3 1 1 2 0 1 0 1 1 2 4 0 0 1 0 1 2 0 1 1 1 1 0 0 1 1 0 2 1 1 1 2 2 0 2 2 0 1 1 2 0 1 1
27 855208859
0 1 2 0 1 0 3 2 2 1 2 1 1 1 6 1 2 5 1 1 0 2 2 2 3 1 1
5 136366291
0 0 1 0 3
3 264756966
17 13 17
2 600853943
11 15
3 116193728
8 8 8
5 1052269966
0 0 1 0 1
4 800416599
10 15 11 16
3 895688476
11 12 10
3 204810340
10 7 11
4 256622697
16 16 11 16
